Date,Model,MBTI,Agent_Type,Scenario,Seed,Crash_Discount,Phase,Price,Fundamental_Value,Portfolio_Value,Cash,Holdings_Qty,Action,Quantity_Percent,Rationale,SMA20,SMA60,RSI14,MACD,Volume,Volume_Ratio,Implied_Volatility,Reported_PE,Dividend_Yield,Trend_Strength,Trend_Regime,Sentiment,Sentiment_MA5,Sentiment_Change
Day-1,meta-llama/Llama-3.1-8B-Instruct,INTJ,memory,crash,42,0.92,deterioration,92.77,100.24835707650561,10000.0,10000.0,0.0,HOLD,0.0,"Market conditions are neutral, with a flat trend and RSI at 50.0. The P/E ratio is relatively low, indicating potential undervaluation, but the implied volatility is high, suggesting a high-risk environment. No clear entry signal is present, so it's best to hold cash and wait for a more favorable setup.",92.77,92.77,50.0,0.0,1207409,1.0,15.0,13.9,2.88,0.0,0,0.1,0.1,0.0
Day-2,meta-llama/Llama-3.1-8B-Instruct,INTJ,memory,crash,42,0.92,deterioration,92.64,99.7789691152372,10000.0,10000.0,0.0,HOLD,0.0,"The market is in a neutral state with a flat trend, RSI at 50, and low volume ratio. The P/E ratio is reasonable, and implied volatility is within a normal range. No compelling signals to enter the market at this time.",92.7,92.7,50.0,-0.0102,1136703,0.97,15.1,13.9,2.87,0.0,0,-0.12,-0.01,-0.11
Day-3,meta-llama/Llama-3.1-8B-Instruct,INTJ,memory,crash,42,0.92,deterioration,93.64,100.02004680069591,10000.0,10000.0,0.0,HOLD,0.0,"The market is neutral with a flat trend, RSI at 50, and low volume ratio, indicating no clear direction or momentum. The P/E ratio is reasonable, and implied volatility is within normal range. No clear alpha-generating opportunity exists at this time.",93.02,93.02,50.0,0.0622,1028187,0.91,15.2,14.0,2.85,0.0,0,-0.15,-0.06,-0.09
Day-4,meta-llama/Llama-3.1-8B-Instruct,INTJ,memory,crash,42,0.92,deterioration,93.86,100.30581872567237,10000.0,10000.0,0.0,HOLD,0.0,"The market is neutral, with a flat trend and RSI at 50.0, indicating a balanced market condition. The P/E ratio is reasonable at 14.0, and implied volatility is within a normal range. There is no clear indication of a strong buy or sell signal, so it's best to hold and wait for a more favorable entry point.",93.23,93.23,50.0,0.1356,1432361,1.19,15.3,14.0,2.85,0.0,0,-0.13,-0.07,-0.06
Day-5,meta-llama/Llama-3.1-8B-Instruct,INTJ,memory,crash,42,0.92,deterioration,89.27,99.27532837592946,10000.0,10000.0,0.0,HOLD,0.0,"Market conditions are neutral, with a flat trend and neutral RSI. The P/E ratio is relatively low, indicating potential undervaluation. The model requires more data to generate a buy signal.",92.43,92.43,50.0,-0.1749,1406450,1.13,15.4,13.5,2.97,0.0,0,0.12,-0.04,0.15
Day-6,meta-llama/Llama-3.1-8B-Instruct,INTJ,memory,crash,42,0.92,deterioration,89.79,99.12343785063933,10000.0,10000.0,0.0,HOLD,0.0,"The market is in a neutral state with a flat trend, RSI at 50, and no clear indication of overbought or oversold conditions. Implied volatility is relatively low, and the P/E ratio is reasonable. The system does not currently indicate a strong buy or sell signal.",91.99,91.99,50.0,-0.3748,1499858,1.17,15.5,13.6,2.94,0.0,0,-0.13,-0.08,-0.04
Day-7,meta-llama/Llama-3.1-8B-Instruct,INTJ,memory,crash,42,0.92,deterioration,92.66,99.8782140026904,10000.0,10000.0,0.0,HOLD,0.0,"The market is in a neutral state with the 20/60 SMA indicating a flat trend, RSI at 50, and no significant news sentiment. The P/E ratio and implied volatility are within normal ranges. The system is not indicating a clear buy or sell signal, so a hold is the most logical decision.",92.09,92.09,50.0,-0.2979,1498318,1.14,15.6,13.9,2.87,0.0,0,0.09,-0.04,0.13
Day-8,meta-llama/Llama-3.1-8B-Instruct,INTJ,memory,crash,42,0.92,deterioration,92.15,99.32042622533595,10000.0,10000.0,0.0,HOLD,0.0,"The market is in a neutral state with a flat trend and RSI at 50.0. The P/E ratio is within a reasonable range, and implied volatility is moderate. The system does not indicate a strong buy or sell signal, so it's best to hold cash and wait for a more favorable entry point.",92.1,92.1,50.0,-0.2753,1277715,0.97,15.7,13.9,2.87,0.0,0,0.62,0.11,0.51
Day-9,meta-llama/Llama-3.1-8B-Instruct,INTJ,memory,crash,42,0.92,deterioration,91.44,98.5500729336148,10000.0,10000.0,0.0,HOLD,0.0,"The market is in a neutral state with a flat trend and RSI at 50.0. The P/E ratio is reasonable, but the Implied Volatility is slightly high. The model indicates no clear alpha opportunity at this time, so it's best to hold cash and wait for a more favorable setup.",92.02,92.02,50.0,-0.3108,1384493,1.05,15.8,13.9,2.87,0.0,0,0.26,0.19,0.07
Day-10,meta-llama/Llama-3.1-8B-Instruct,INTJ,memory,crash,42,0.92,deterioration,96.77,98.90419141419804,10000.0,10000.0,0.0,HOLD,0.0,"The market is in a neutral state with the RSI at 50.0 and the trend indicators flat. The P/E ratio is below the historical average, indicating potential undervaluation. The model requires further analysis before making a trade decision.",92.5,92.5,50.0,0.0902,1472382,1.1,15.9,14.7,2.73,0.0,0,-0.1,0.15,-0.25
Day-11,meta-llama/Llama-3.1-8B-Instruct,INTJ,memory,crash,42,0.92,deterioration,91.25,98.24930381182162,10000.0,10000.0,0.0,HOLD,0.0,"The market is in a neutral state with a flat trend and RSI at 50. The P/E ratio is reasonable, and implied volatility is within a normal range. The system does not indicate a clear buy or sell signal, so holding cash is the most logical decision.",92.38,92.38,50.0,-0.0374,1424823,1.06,15.9,13.9,2.87,0.0,0,0.36,0.25,0.11
Day-12,meta-llama/Llama-3.1-8B-Instruct,INTJ,memory,crash,42,0.92,deterioration,91.95,98.0962490472655,10000.0,10000.0,0.0,HOLD,0.0,"The market is in a neutral state with a flat trend, RSI at 50, and a relatively stable P/E ratio. Implied volatility is moderate, but the volume ratio is slightly low. The system does not indicate a clear entry point at this time.",92.35,92.35,50.0,-0.0805,1123674,0.85,16.0,14.1,2.84,0.0,0,-0.12,0.2,-0.33
Day-13,meta-llama/Llama-3.1-8B-Instruct,INTJ,memory,crash,42,0.92,deterioration,91.87,98.29819632565643,10000.0,10000.0,0.0,HOLD,0.0,"The market is in a neutral state with the RSI at 50.0 and the trend indicators showing no clear direction. The P/E ratio is within a reasonable range, and implied volatility is moderate. Given the lack of clear signals, it's best to wait for a more favorable entry point.",92.31,92.31,50.0,-0.1204,1225272,0.93,16.1,14.0,2.85,0.0,0,-0.61,-0.04,-0.57
Day-14,meta-llama/Llama-3.1-8B-Instruct,INTJ,memory,crash,42,0.92,deterioration,90.28,97.0686763333673,10000.0,10000.0,0.0,HOLD,0.0,"The market is in a neutral state with a flat trend, low RSI, and a reasonable P/E ratio. Implied volatility is moderate, but the volume ratio is low, indicating a lack of conviction. The system is not indicating a clear entry point, so it's best to hold cash and wait for a more favorable setup.",92.17,92.17,44.8,-0.2766,1064579,0.82,16.2,14.0,2.87,0.0,0,-0.3,-0.15,-0.15
Day-15,meta-llama/Llama-3.1-8B-Instruct,INTJ,memory,crash,42,0.92,deterioration,88.78,97.01095880526248,10000.0,5000.0,56.31899076368551,BUY,0.5,"The RSI is below 50, indicating a potential buying opportunity. The trend is flat, and the P/E ratio is relatively low, suggesting a potentially undervalued stock. The model suggests a 50% allocation to this stock based on its current market conditions.",91.94,91.94,42.1,-0.5158,1477025,1.13,16.3,13.7,2.91,0.0,0,-0.56,-0.25,-0.31
Day-16,meta-llama/Llama-3.1-8B-Instruct,INTJ,memory,crash,42,0.92,deterioration,90.78,97.44037522272129,10112.637981527372,5000.0,56.31899076368551,HOLD,0.0,"The market is in a neutral state with the SMA20/60 indicating no trend, RSI at 46.6 is below 50, and the P/E ratio is at 14.0, which is relatively low. The Implied Volatility is 16.4%, and the Volume Ratio is 0.99, indicating a balanced market. The news sentiment is slightly negative, but as a system architect, I will ignore the news cycle and wait for a clearer signal.",91.87,91.87,46.6,-0.5373,1303087,0.99,16.4,14.0,2.86,0.0,0,-0.11,-0.34,0.24
Day-17,meta-llama/Llama-3.1-8B-Instruct,INTJ,memory,crash,42,0.92,deterioration,88.14,97.06320469299735,9963.955845911241,5000.0,56.31899076368551,HOLD,0.0,"The market is in a neutral state with a flat trend, RSI at 40.5 indicating a potential oversold condition, but the P/E ratio and implied volatility are not indicating any significant imbalances. The system is not signaling a clear entry or exit opportunity, so it is best to hold current positions and wait for a more favorable setup.",91.65,91.65,40.5,-0.759,1114321,0.86,16.5,13.6,2.94,0.0,0,0.01,-0.32,0.32
Day-18,meta-llama/Llama-3.1-8B-Instruct,INTJ,memory,crash,42,0.92,deterioration,89.41,97.57484518528497,10035.480964181123,5000.0,56.31899076368551,HOLD,0.0,"The market is in a neutral state with a flat trend and low RSI, indicating a lack of clear directional bias. The P/E ratio is relatively low, suggesting undervaluation, but the implied volatility is high, which may indicate uncertainty. The system does not currently indicate a strong buy or sell signal, so a hold is the most logical decision.",91.52,91.52,42.6,-0.8223,1335850,1.03,16.6,13.7,2.91,0.0,0,0.5,-0.09,0.6
Day-19,meta-llama/Llama-3.1-8B-Instruct,INTJ,memory,crash,42,0.92,deterioration,88.34,96.81181074704952,9975.219644063978,5000.0,56.31899076368551,HOLD,0.0,"The market is in a neutral state with a flat trend and low RSI, indicating a lack of clear direction. The P/E ratio is relatively low, suggesting undervaluation, but the implied volatility is high, indicating potential for increased risk. The model is not indicating a strong buy or sell signal, so a hold is the most logical decision.",91.36,91.36,48.2,-0.9483,1309064,1.01,16.7,13.7,2.92,0.0,0,0.1,-0.01,0.11
Day-20,meta-llama/Llama-3.1-8B-Instruct,INTJ,memory,crash,42,0.92,deterioration,88.82,96.40777219996527,10002.252759630548,5000.0,56.31899076368551,HOLD,0.0,"The market is currently in a neutral state with a flat trend, and the RSI is below 50, indicating a potential buying opportunity. However, the Implied Volatility is high, and the P/E Ratio is relatively low, suggesting a cautious approach. The model indicates no clear entry or exit signal, so it's best to hold the current position.",91.23,91.23,48.2,-0.998,1179081,0.91,16.8,13.8,2.89,0.0,0,-0.07,0.09,-0.15
Day-21,meta-llama/Llama-3.1-8B-Instruct,INTJ,memory,crash,42,0.92,deterioration,93.35,97.69484970091648,10257.377787790043,5000.0,56.31899076368551,HOLD,0.0,"The market is currently in a neutral state with a flat trend and RSI at 51.2, indicating neither overbought nor oversold conditions. The P/E ratio is within a reasonable range, and implied volatility is slightly elevated. The system does not indicate a clear entry or exit signal, so a hold position is the most logical decision.",91.26,91.33,51.2,-0.6639,1056778,0.82,16.9,14.3,2.79,-0.08,0,0.25,0.16,0.09
Day-22,meta-llama/Llama-3.1-8B-Instruct,INTJ,memory,crash,42,0.92,deterioration,86.16,96.69723843203522,9852.444244199143,5000.0,56.31899076368551,HOLD,0.0,"The RSI is below 50, indicating a potential buying opportunity, but the trend is neutral and the P/E ratio is relatively high. The implied volatility is also high, suggesting potential price volatility. The system is not indicating a strong buy signal, so it's best to hold and wait for further confirmation.",90.93,91.1,41.4,-0.9682,1335786,1.03,17.0,13.4,2.99,-0.18,0,-0.66,0.02,-0.69
Day-23,meta-llama/Llama-3.1-8B-Instruct,INTJ,memory,crash,42,0.92,deterioration,89.99,96.69199195044523,10068.145978824059,5000.0,56.31899076368551,HOLD,0.0,"The market is in a neutral state with a flat trend, and the RSI is below 50, indicating a potential buying opportunity. However, the P/E ratio is relatively low, which could indicate undervaluation. The model suggests caution and no immediate action.",90.75,91.05,48.1,-0.8904,1260153,0.96,17.1,14.0,2.87,-0.32,0,0.07,-0.06,0.13
Day-24,meta-llama/Llama-3.1-8B-Instruct,INTJ,memory,crash,42,0.92,deterioration,85.71,95.79395502081732,9827.100698355485,5000.0,56.31899076368551,HOLD,0.0,"The RSI is below 40, indicating oversold conditions, but the trend is neutral and the P/E ratio is relatively low. Implied volatility is high, suggesting potential for increased price movement, but the overall market conditions do not strongly support a buy or sell decision. The system is not indicating a clear edge, so it's best to hold and wait for further analysis.",90.34,90.82,34.9,-1.1603,1386159,1.06,17.2,13.4,2.98,-0.53,0,0.23,-0.04,0.27
Day-25,meta-llama/Llama-3.1-8B-Instruct,INTJ,memory,crash,42,0.92,deterioration,87.69,96.08223901748424,9938.612300067583,5000.0,56.31899076368551,HOLD,0.0,"The market is in a neutral state with a flat trend and low RSI, indicating a lack of strong directional bias. The P/E ratio is relatively low, suggesting undervaluation, but the implied volatility is high, which may indicate potential for increased price movement. Given the current market conditions, it is prudent to hold cash and wait for a clearer signal to enter the market.",90.27,90.7,44.6,-1.2009,1260081,0.97,17.3,13.7,2.92,-0.48,0,-0.44,-0.11,-0.33
Day-26,meta-llama/Llama-3.1-8B-Instruct,INTJ,memory,crash,42,0.92,deterioration,90.19,96.25799294042456,10079.409776976796,5000.0,56.31899076368551,HOLD,0.0,"The market is currently in a neutral state, with the SMA20 and SMA60 lines converging and the RSI at 47.5, indicating a balanced market. The P/E ratio is relatively low at 14.1, suggesting undervaluation. The model indicates no clear entry or exit signals, thus a HOLD position is the most logical choice.",90.29,90.68,47.5,-1.0194,1426090,1.1,17.4,14.1,2.85,-0.43,0,0.34,-0.09,0.44
Day-27,meta-llama/Llama-3.1-8B-Instruct,INTJ,memory,crash,42,0.92,deterioration,87.93,95.47513612268125,9952.128857850868,5000.0,56.31899076368551,HOLD,0.0,"The market is currently in a neutral state, with the SMA20 and SMA60 lines aligned and the RSI at 44.7, indicating a balanced market. The P/E ratio is at 13.8, which is relatively low, but the implied volatility is high at 17.5%. The model suggests a wait-and-see approach before making any trades.",90.05,90.58,44.7,-1.0456,1275953,0.99,17.5,13.8,2.9,-0.58,0,0.1,0.06,0.04
Day-28,meta-llama/Llama-3.1-8B-Instruct,INTJ,memory,crash,42,0.92,deterioration,86.78,96.08658318638803,9887.362018472628,5000.0,56.31899076368551,HOLD,0.0,"The RSI is below 50, indicating a potential buying opportunity, but the trend is neutral and the P/E ratio is relatively high. The implied volatility is also high, which may indicate potential for increased price movement. However, the system's mandate is to prioritize alpha, and the current conditions do not provide a clear indication of a high-probability trade setup.",89.78,90.44,45.2,-1.1459,1280468,1.0,17.6,13.5,2.95,-0.73,0,-0.12,0.02,-0.15
Day-29,meta-llama/Llama-3.1-8B-Instruct,INTJ,memory,crash,42,0.92,deterioration,86.74,95.44651609807858,9885.10925884208,5000.0,56.31899076368551,HOLD,0.0,"The market is currently in a neutral state, with the RSI at 47.1 and the trend indicators showing no clear direction. The P/E ratio is at 13.6, which is relatively low, but the implied volatility is high at 17.7%. The system is not indicating a clear buy or sell signal, so it's best to hold the current position and wait for further analysis.",89.55,90.31,47.1,-1.2151,1438326,1.12,17.7,13.6,2.93,-0.85,0,0.19,0.01,0.18
Day-30,meta-llama/Llama-3.1-8B-Instruct,INTJ,memory,crash,42,0.92,deterioration,88.83,95.44908983396412,10002.815949538184,5000.0,56.31899076368551,HOLD,0.0,"The stock is trading above its 60-day SMA, indicating a bullish trend. The RSI is below 50, suggesting a potential buying opportunity. However, the system's current mandate is to prioritize long-term alpha, and the current market conditions do not provide a compelling reason to enter a trade.",89.15,90.27,47.2,-1.0884,1201741,0.94,17.8,14.0,2.87,-1.24,0,0.68,0.24,0.44
Day-31,meta-llama/Llama-3.1-8B-Instruct,INTJ,memory,crash,42,0.92,deterioration,86.44,95.14218466856885,9868.213561612974,5000.0,56.31899076368551,HOLD,0.0,"The RSI is below 50, indicating a potential buying opportunity, but the trend is neutral and the P/E ratio is relatively low, suggesting a lack of overvaluation. The implied volatility is high, but the volume ratio is low, indicating a lack of conviction in the market. The system is not indicating a clear entry point, so it's best to hold and wait for further signals.",88.91,90.14,47.6,-1.168,1067007,0.85,17.8,13.6,2.94,-1.37,0,0.05,0.18,-0.13
Day-32,meta-llama/Llama-3.1-8B-Instruct,INTJ,memory,crash,42,0.92,deterioration,88.84,96.2172783327608,10003.37913944582,5000.0,56.31899076368551,HOLD,0.0,"The RSI is at 49.2, indicating a neutral market condition. The trend is flat, and the P/E ratio is within a reasonable range. The model suggests a wait-and-see approach before making any adjustments.",88.75,90.1,49.2,-1.0248,1014391,0.81,17.9,13.9,2.89,-1.5,0,0.07,0.18,-0.1
Day-33,meta-llama/Llama-3.1-8B-Instruct,INTJ,memory,crash,42,0.92,deterioration,87.59,95.13249189396015,9932.980400991215,5000.0,56.31899076368551,HOLD,0.0,"The RSI is at 49.0, indicating a neutral market condition. The trend is flat, and the P/E ratio is within a reasonable range. The model suggests no immediate trading opportunity, so holding cash is the most logical decision.",88.54,90.03,49.0,-1.001,1377568,1.09,18.0,13.8,2.9,-1.65,0,-0.14,0.17,-0.31
Day-34,meta-llama/Llama-3.1-8B-Instruct,INTJ,memory,crash,42,0.92,deterioration,85.92,94.45848630767394,9838.92768641586,5000.0,56.31899076368551,HOLD,0.0,"The RSI is below 50, indicating a potential buying opportunity, but the trend is neutral and the P/E ratio is relatively high. The Implied Volatility is above average, suggesting a high risk environment. The model should be cautious and wait for a clearer signal before entering the trade.",88.32,89.9,46.1,-1.1038,1310154,1.03,18.1,13.6,2.93,-1.76,0,-0.25,0.08,-0.34
Day-35,meta-llama/Llama-3.1-8B-Instruct,INTJ,memory,crash,42,0.92,deterioration,90.84,95.24671549402628,10116.017120973193,5000.0,56.31899076368551,HOLD,0.0,"The RSI is below 50, indicating a potential buying opportunity, but the trend is neutral and the P/E ratio is relatively high. The implied volatility is low, suggesting a lack of market uncertainty. The system is not indicating a strong buy signal, so it's best to hold and wait for further confirmation.",88.43,89.93,46.7,-0.7794,1352039,1.07,18.2,14.3,2.8,-1.67,0,0.25,-0.0,0.25
Day-36,meta-llama/Llama-3.1-8B-Instruct,INTJ,memory,crash,42,0.92,deterioration,87.5,94.07312247881197,9927.911691822483,5000.0,56.31899076368551,HOLD,0.0,"The market is currently in a neutral state with a flat trend, and the RSI is at 52.0, indicating a balanced market. The P/E ratio is at 14.0, which is relatively low, but the implied volatility is high at 18.3%. The system is not indicating a clear buy or sell signal, so it's best to hold the current position and wait for further analysis.",88.26,89.86,52.0,-0.7832,1106482,0.88,18.3,14.0,2.87,-1.78,0,-0.26,-0.07,-0.19
Day-37,meta-llama/Llama-3.1-8B-Instruct,INTJ,memory,crash,42,0.92,deterioration,84.03,94.63607736712262,9732.484793872492,5000.0,56.31899076368551,HOLD,0.0,"The RSI is below 50, indicating a potential oversold condition, but the trend is neutral and the P/E ratio is relatively low, suggesting a lack of overvaluation. Implied volatility is high, but the volume ratio is low, indicating a lack of conviction in the current price movement. The system does not currently indicate a strong buy signal.",88.06,89.71,41.2,-1.0541,1068185,0.85,18.4,13.3,3.0,-1.84,0,0.02,-0.08,0.1
Day-38,meta-llama/Llama-3.1-8B-Instruct,INTJ,memory,crash,42,0.92,deterioration,86.21,93.39991177350315,9855.260193737327,5000.0,56.31899076368551,HOLD,0.0,"The RSI is at 50.8, indicating a neutral market condition. The trend is flat, with the SMA20 and SMA60 lines close to each other. The system does not indicate a strong buy or sell signal at this time.",87.9,89.61,50.8,-1.0805,1007272,0.82,18.5,13.8,2.89,-1.92,0,-0.14,-0.08,-0.07
Day-39,meta-llama/Llama-3.1-8B-Instruct,INTJ,memory,crash,42,0.92,deterioration,85.09,93.5637550768166,9792.182924082,5000.0,56.31899076368551,HOLD,0.0,"The market is currently in a neutral state with a flat trend, low RSI, and moderate volatility. The system is not indicating a strong buy or sell signal, and the news sentiment is neutral. Therefore, it is best to hold the current position and wait for a more favorable entry point.",87.73,89.5,45.8,-1.1783,1175293,0.96,18.6,13.6,2.93,-1.97,0,0.14,0.0,0.14
Day-40,meta-llama/Llama-3.1-8B-Instruct,INTJ,memory,crash,42,0.92,deterioration,87.92,94.17437998502318,9951.56566794323,5000.0,56.31899076368551,HOLD,0.0,"The RSI is below 50, indicating a potential buying opportunity, but the trend is neutral and the P/E ratio is relatively high. Implied volatility is above average, suggesting a potential for increased market fluctuations. The model should be recalibrated to assess the long-term implications before considering a trade.",87.69,89.46,46.4,-1.0154,1294958,1.05,18.7,14.0,2.86,-1.98,0,0.1,-0.03,0.13
Day-41,meta-llama/Llama-3.1-8B-Instruct,INTJ,memory,crash,42,0.92,deterioration,85.56,94.2932839229091,9818.652849740933,5000.0,56.31899076368551,HOLD,0.0,"The market is experiencing a short-term downtrend, indicated by the negative SMA20/60 crossover. The RSI is below 50, suggesting a potential oversold condition. The system should wait for a more favorable entry signal before making a trade.",87.3,89.36,46.2,-1.0644,1196122,0.96,18.8,13.6,2.94,-2.31,-1,0.31,0.09,0.22
Day-42,meta-llama/Llama-3.1-8B-Instruct,INTJ,memory,crash,42,0.92,deterioration,86.18,93.85783603932917,9853.570624014417,5000.0,56.31899076368551,HOLD,0.0,"The RSI is below 50, indicating a potential oversold condition, but the trend is bearish and the P/E ratio is relatively high, suggesting a lack of value. Implied volatility is above average, which may indicate a potential for increased price movement. The system is not indicating a strong buy signal.",87.3,89.29,49.0,-1.0415,1218737,0.99,18.9,13.8,2.9,-2.23,-1,-0.15,0.05,-0.2
Day-43,meta-llama/Llama-3.1-8B-Instruct,INTJ,memory,crash,42,0.92,deterioration,86.83,93.56242902336284,9890.177968010812,5000.0,56.31899076368551,HOLD,0.0,"The RSI is at 50.2, indicating a neutral market sentiment. The trend is bearish, with the SMA20 below the SMA60. The P/E ratio is relatively low, suggesting undervaluation. The model indicates no clear buying or selling opportunity at this time.",87.14,89.23,50.2,-0.9592,1452079,1.17,19.0,13.9,2.87,-2.34,-1,-0.08,0.06,-0.15
Day-44,meta-llama/Llama-3.1-8B-Instruct,INTJ,memory,crash,42,0.92,deterioration,87.15,93.3178025825851,9908.200045055193,5000.0,56.31899076368551,HOLD,0.0,"The trend is bearish, RSI is below 50, and the P/E ratio is relatively low, indicating a potentially undervalued stock. However, the system does not currently indicate a strong buy signal. The current market conditions suggest caution and a wait-and-see approach.",87.21,89.18,47.2,-0.8586,1174127,0.95,19.1,14.0,2.86,-2.21,-1,-0.29,-0.02,-0.27
Day-45,meta-llama/Llama-3.1-8B-Instruct,INTJ,memory,crash,42,0.92,deterioration,83.37,92.57719470101881,9695.314259968462,5000.0,56.31899076368551,HOLD,0.0,"The RSI is below 50, indicating a potential oversold condition, but the trend is bearish and the P/E ratio is relatively high. The Implied Volatility is above average, which may indicate a potential for increased price movement. The model suggests caution and no immediate action.",87.0,89.05,45.0,-1.0716,1256994,1.02,19.2,13.5,2.96,-2.31,-1,-0.13,-0.07,-0.06
Day-46,meta-llama/Llama-3.1-8B-Instruct,INTJ,memory,crash,42,0.92,deterioration,84.88,92.80463485782796,9780.355936021626,5000.0,56.31899076368551,HOLD,0.0,"The stock price is trading below the 60-day SMA, indicating a short-term downtrend. The RSI is below 50, suggesting a potential oversold condition, but the trend is still bearish. The model should reassess the situation after the stock price closes above the 60-day SMA.",86.73,88.96,43.4,-1.1059,1391826,1.13,19.3,13.7,2.92,-2.51,-1,0.11,-0.11,0.22
Day-47,meta-llama/Llama-3.1-8B-Instruct,INTJ,memory,crash,42,0.92,deterioration,84.65,92.78233884236822,9767.402568145979,5000.0,56.31899076368551,HOLD,0.0,"The RSI is below 50, indicating a potential buying opportunity, but the trend is bearish and the P/E ratio is relatively high. The Implied Volatility is above average, which may indicate market uncertainty. The model suggests caution and holding cash for now.",86.57,88.87,44.9,-1.1386,1198271,0.97,19.4,13.7,2.92,-2.59,-1,0.23,-0.03,0.26
Day-48,meta-llama/Llama-3.1-8B-Instruct,INTJ,memory,crash,42,0.92,deterioration,84.94,93.38932060678034,9783.735075467448,5000.0,56.31899076368551,HOLD,0.0,"The market is slightly overbought, with the RSI at 48.2, and the trend is bearish (-1). The P/E ratio is relatively low at 13.6, but the implied volatility is high at 19.5%. The system is not indicating a strong buy signal, and the news sentiment is negative, so it's best to hold and wait for a more favorable entry point.",86.48,88.79,48.2,-1.1281,1311043,1.07,19.5,13.6,2.93,-2.61,-1,-0.28,-0.07,-0.2
Day-49,meta-llama/Llama-3.1-8B-Instruct,INTJ,memory,crash,42,0.92,deterioration,88.1,92.88066990427791,9961.703086280693,5000.0,56.31899076368551,HOLD,0.0,"The RSI is below 50, indicating a potential buying opportunity, but the trend is bearish and the P/E ratio is relatively high. The model should be cautious and wait for a clearer signal before entering the trade. The current market conditions do not provide a strong enough indication to initiate a trade.",86.54,88.78,44.7,-0.8549,1431181,1.16,19.6,14.2,2.81,-2.51,-1,0.26,0.04,0.22
Day-50,meta-llama/Llama-3.1-8B-Instruct,INTJ,memory,crash,42,0.92,deterioration,84.95,91.67544194763508,9784.298265375084,5000.0,56.31899076368551,HOLD,0.0,"The RSI is below 50, indicating a potential oversold condition, but the trend is bearish and the P/E ratio is relatively high. The Implied Volatility is above average, suggesting a potential for increased market uncertainty. The model suggests caution and no immediate entry.",86.35,88.7,45.0,-0.8824,1474760,1.19,19.7,13.9,2.88,-2.65,-1,0.41,0.15,0.26
Day-51,meta-llama/Llama-3.1-8B-Instruct,INTJ,memory,crash,42,0.92,deterioration,83.27,92.56710527583664,9689.682360892093,5000.0,56.31899076368551,HOLD,0.0,"The market is trending downwards, with the SMA20 below the SMA60, indicating a bearish trend. The RSI is at 48.4, suggesting the stock is not overbought or oversold. The system does not indicate a strong buy or sell signal, so it's best to hold and wait for further analysis.",86.19,88.51,48.4,-1.0277,1073536,0.86,19.7,13.5,2.96,-2.62,-1,0.12,0.15,-0.02
Day-52,meta-llama/Llama-3.1-8B-Instruct,INTJ,memory,crash,42,0.92,deterioration,86.07,92.06062341675386,9847.375535030413,5000.0,56.31899076368551,HOLD,0.0,"The RSI is at 49.7, indicating a neutral market condition. The trend is bearish, with the SMA20 below the SMA60. The P/E ratio is at 14.0, which is not overly stretched. The model suggests a wait-and-see approach before making any trades.",86.05,88.38,49.7,-0.9064,1463293,1.16,19.8,14.0,2.85,-2.63,-1,0.56,0.22,0.35
Day-53,meta-llama/Llama-3.1-8B-Instruct,INTJ,memory,crash,42,0.92,deterioration,87.61,91.76280482263184,9934.106780806487,5000.0,56.31899076368551,HOLD,0.0,"The market is in a neutral state, with a bearish trend and mixed technical indicators. The RSI is not overbought or oversold, and the P/E ratio is relatively low. The system is not indicating a clear entry or exit signal, so it's best to hold and wait for further analysis.",86.05,88.26,55.1,-0.6787,1246058,0.99,19.9,14.3,2.79,-2.5,-1,-0.23,0.22,-0.46
Day-54,meta-llama/Llama-3.1-8B-Instruct,INTJ,memory,crash,42,0.92,deterioration,86.42,92.25520523302804,9867.087181797702,5000.0,56.31899076368551,HOLD,0.0,"The short-term trend is bearish, but the RSI is below 50, indicating potential oversold conditions. The P/E ratio is relatively low, suggesting undervaluation. The system's analysis indicates no clear entry signal, and the current market conditions do not justify a trade.",86.08,88.11,46.8,-0.5869,1129122,0.9,20.0,14.1,2.85,-2.3,-1,-0.37,0.1,-0.47
Day-55,meta-llama/Llama-3.1-8B-Instruct,INTJ,memory,crash,42,0.92,deterioration,82.65,92.31296811567836,9654.764586618607,5000.0,56.31899076368551,HOLD,0.0,"The stock's price is below its 60-day SMA, indicating a potential downtrend. The RSI is below 50, suggesting a bearish momentum. The system's analysis suggests no immediate buy signal, and the current market conditions do not support a trade.",85.67,87.98,44.1,-0.8093,1229567,0.99,20.1,13.4,2.98,-2.62,-1,-0.53,-0.09,-0.44
Day-56,meta-llama/Llama-3.1-8B-Instruct,INTJ,memory,crash,42,0.92,deterioration,84.02,92.11120967981127,9731.921603964856,5000.0,56.31899076368551,HOLD,0.0,"The RSI is below 50, indicating a potential oversold condition, but the trend is bearish and the P/E ratio is relatively high. The Implied Volatility is above average, suggesting a high risk environment. The model should be cautious and wait for a clearer signal before entering the market.",85.49,87.86,45.8,-0.8653,1490016,1.18,20.2,13.7,2.92,-2.69,-1,0.45,-0.03,0.47
Day-57,meta-llama/Llama-3.1-8B-Instruct,INTJ,memory,crash,42,0.92,deterioration,85.69,91.07406212446463,9825.974318540211,5000.0,56.31899076368551,HOLD,0.0,"The current market conditions do not indicate a clear buy or sell signal. The RSI is at 47.8, which is not overbought or oversold. The trend is slightly bearish, but the P/E ratio is relatively low, suggesting potential for growth.",85.58,87.72,47.8,-0.7659,1246309,0.98,20.3,14.1,2.83,-2.44,-1,0.2,-0.1,0.3
Day-58,meta-llama/Llama-3.1-8B-Instruct,INTJ,memory,crash,42,0.92,deterioration,82.83,91.18716596397313,9664.902004956071,5000.0,56.31899076368551,HOLD,0.0,"The stock price is below the 20-day and 60-day SMA, indicating a short-term downtrend. The RSI is below 50, suggesting a potential oversold condition, but the news sentiment is neutral and the volume ratio is low, indicating a lack of conviction in the market. The system is not indicating a strong buy signal, so it's best to hold cash for now.",85.41,87.53,42.5,-0.9073,1164375,0.91,20.4,13.6,2.94,-2.43,-1,-0.02,-0.06,0.04
Day-59,meta-llama/Llama-3.1-8B-Instruct,INTJ,memory,crash,42,0.92,deterioration,84.71,91.35550513342329,9770.7817075918,5000.0,56.31899076368551,HOLD,0.0,"The market is currently in a downtrend, with the SMA20 below the SMA60, and the RSI is below 50. The P/E ratio is relatively low, indicating undervaluation, but the Implied Volatility is high, suggesting uncertainty. The model indicates no clear entry or exit signals, so it's best to hold cash and wait for a more favorable setup.",85.39,87.4,52.5,-0.8576,1316700,1.02,20.5,13.9,2.88,-2.3,-1,0.08,0.04,0.05
Day-60,meta-llama/Llama-3.1-8B-Instruct,INTJ,memory,crash,42,0.92,deterioration,85.37,91.52574724710549,9807.952241495834,5000.0,56.31899076368551,HOLD,0.0,The market is currently in a neutral state with a flat RSI and a bearish trend. The system's focus on long-term alpha generation suggests waiting for a clearer signal before entering the market. The current setup does not provide sufficient conviction for a trade.,85.26,87.17,50.9,-0.7568,1120072,0.88,20.6,14.0,2.86,-2.19,-1,-0.34,0.07,-0.41
Day-61,meta-llama/Llama-3.1-8B-Instruct,INTJ,memory,crash,42,0.92,deterioration,82.0,90.64648883044444,9618.157242622212,5000.0,56.31899076368551,HOLD,0.0,"The RSI is below 50, indicating a potential oversold condition, but the trend is bearish and the P/E ratio is relatively high. The Implied Volatility is above average, suggesting a high risk environment. The model should be cautious and wait for a clearer signal before entering the market.",85.08,86.99,45.5,-0.9373,1037931,0.82,20.7,13.6,2.95,-2.19,-1,0.73,0.13,0.6
Day-62,meta-llama/Llama-3.1-8B-Instruct,INTJ,memory,crash,42,0.92,deterioration,83.3,90.64134772685796,9691.371930615003,5000.0,56.31899076368551,HOLD,0.0,"The market is experiencing a short-term downtrend, indicated by the negative SMA20/60 crossover. The RSI is below 50, suggesting a potential oversold condition. The model should reassess the situation after the next price movement to determine the optimal entry point.",84.94,86.81,47.3,-0.9646,1064439,0.84,20.8,13.8,2.9,-2.16,-1,0.04,0.1,-0.06
Day-63,meta-llama/Llama-3.1-8B-Instruct,INTJ,memory,crash,42,0.92,deterioration,77.96,90.02911099400964,9390.628519936923,5000.0,56.31899076368551,HOLD,0.0,"The RSI is below 50, indicating a potential buying opportunity, but the trend is bearish and the price is above the SMA20/60, suggesting a possible short-term correction. The P/E ratio is relatively low, which could be a buying signal, but the implied volatility is high, indicating market uncertainty. The system is not indicating a clear entry point, so it's best to hold and wait for further signals.",84.5,86.54,34.4,-1.4007,1064022,0.86,20.9,13.0,3.08,-2.36,-1,0.03,0.11,-0.08
Day-64,meta-llama/Llama-3.1-8B-Instruct,INTJ,memory,crash,42,0.92,deterioration,81.11,89.8322764347951,9568.033340842532,5000.0,56.31899076368551,HOLD,0.0,"The stock's price is above the SMA60, indicating a short-term uptrend. The RSI is below 50, suggesting a potential buying opportunity, but the system's analysis is inconclusive. Given the lack of clear signals, it's best to hold and wait for further confirmation.",84.19,86.35,44.1,-1.4756,1075951,0.87,21.0,13.5,2.95,-2.5,-1,0.22,0.14,0.08
Day-65,meta-llama/Llama-3.1-8B-Instruct,INTJ,memory,crash,42,0.92,deterioration,83.05,90.68474392385534,9677.29218292408,5000.0,56.31899076368551,HOLD,0.0,"The RSI is at 49.7, indicating a neutral market condition. The trend is bearish, with the SMA20 below the SMA60. The P/E ratio is 13.7, which is relatively low. The model indicates no clear buy signal.",84.18,86.24,49.7,-1.3625,1069413,0.87,21.1,13.7,2.91,-2.39,-1,0.14,0.23,-0.09
Day-66,meta-llama/Llama-3.1-8B-Instruct,INTJ,memory,crash,42,0.92,deterioration,81.67,90.80470229276642,9599.571975670195,5000.0,56.31899076368551,HOLD,0.0,"The stock's price is below its short-term and long-term moving averages, indicating a bearish trend. The RSI is below 50, suggesting the stock is undervalued. The model should wait for a clear buy signal before entering the trade.",84.02,86.06,43.0,-1.3687,1320437,1.08,21.2,13.5,2.96,-2.37,-1,0.07,0.1,-0.03
Day-67,meta-llama/Llama-3.1-8B-Instruct,INTJ,memory,crash,42,0.92,deterioration,85.19,89.93867848351364,9797.81482315837,5000.0,56.31899076368551,HOLD,0.0,"The stock is trading below its 60-day SMA, indicating a short-term downtrend. The RSI is below 50, suggesting a potential oversold condition, but the news sentiment is negative and the volume ratio is low, indicating a lack of conviction in the current trend. The system is not indicating a clear buy signal, so it's best to hold and wait for further confirmation.",84.05,86.0,46.4,-1.0769,1090940,0.89,21.3,14.2,2.82,-2.27,-1,-0.24,0.04,-0.28
Day-68,meta-llama/Llama-3.1-8B-Instruct,INTJ,memory,crash,42,0.92,deterioration,80.95,90.32455125907259,9559.022302320343,5000.0,56.31899076368551,HOLD,0.0,"The RSI is below 50, indicating a potential oversold condition, but the trend is bearish and the P/E ratio is relatively high. The Implied Volatility is above average, suggesting potential for increased market fluctuations. The model suggests caution and no immediate entry.",83.85,85.83,42.5,-1.1741,1172833,0.97,21.4,13.4,2.98,-2.31,-1,0.14,0.07,0.07
Day-69,meta-llama/Llama-3.1-8B-Instruct,INTJ,memory,crash,42,0.92,deterioration,82.0,89.85170408847318,9618.157242622212,5000.0,56.31899076368551,HOLD,0.0,"The RSI is at 49.0, indicating a neutral market sentiment. The trend is slightly bearish, with the SMA20 below the SMA60. The P/E ratio is at 13.7, which is relatively low. The system does not indicate a strong buy or sell signal at this time.",83.54,85.7,49.0,-1.1531,1448394,1.19,21.5,13.7,2.92,-2.52,-1,0.56,0.14,0.43
Day-70,meta-llama/Llama-3.1-8B-Instruct,INTJ,memory,crash,42,0.92,deterioration,82.26,89.19642746446958,9632.800180220771,5000.0,56.31899076368551,HOLD,0.0,"The market is in a downtrend, RSI is below 50, and the P/E ratio is relatively low, indicating a potentially undervalued stock. However, the Implied Volatility is high, and the news sentiment is bearish, suggesting caution. The system is not indicating a clear buy signal, so it's best to hold and wait for further analysis.",83.41,85.57,47.3,-1.1033,1236980,1.03,21.6,13.8,2.89,-2.53,-1,0.4,0.19,0.22
Day-71,meta-llama/Llama-3.1-8B-Instruct,INTJ,memory,crash,42,0.92,deterioration,84.55,89.54778641034915,9761.77066906961,5000.0,56.31899076368551,HOLD,0.0,"The market is in a neutral state with a bearish trend, but the RSI is below 50. The P/E ratio is relatively low, and implied volatility is above average. The system is not indicating a clear buy or sell signal, so it's best to hold and wait for further analysis.",83.47,85.39,48.3,-0.8691,1333778,1.1,21.6,14.2,2.82,-2.25,-1,0.48,0.27,0.21
Day-72,meta-llama/Llama-3.1-8B-Instruct,INTJ,memory,crash,42,0.92,deterioration,80.63,89.98420815665071,9541.000225275962,5000.0,56.31899076368551,HOLD,0.0,"The RSI is below 50, indicating a potential oversold condition, but the trend is bearish and the P/E ratio is relatively high. The Implied Volatility is above average, suggesting market uncertainty. The system does not indicate a strong buy signal at this time.",83.2,85.28,46.8,-0.988,1086159,0.91,21.7,13.4,2.98,-2.44,-1,-0.15,0.29,-0.44
Day-73,meta-llama/Llama-3.1-8B-Instruct,INTJ,memory,crash,42,0.92,deterioration,83.67,89.04537811968552,9712.209957197567,5000.0,56.31899076368551,HOLD,0.0,"The market is currently in a short-term downtrend, as indicated by the SMA20/SMA60 ratio. The RSI is at 48.5, which is not overly oversold, and the P/E ratio is relatively low at 14.1. The system does not indicate a strong buy signal, and the current conditions suggest a wait-and-see approach.",83.0,85.16,48.5,-0.8277,1096144,0.92,21.8,14.1,2.84,-2.53,-1,-0.3,0.2,-0.5
Day-74,meta-llama/Llama-3.1-8B-Instruct,INTJ,memory,crash,42,0.92,deterioration,82.53,89.6937142329703,9648.006307726966,5000.0,56.31899076368551,HOLD,0.0,"The market is currently in a downtrend, with the SMA20 below the SMA60. The RSI is below 50, indicating a potential oversold condition. However, the Implied Volatility is high, and the news sentiment is slightly negative, suggesting caution.",82.81,85.09,46.1,-0.7832,1020434,0.86,21.9,13.8,2.9,-2.69,-1,-0.04,0.08,-0.12
Day-75,meta-llama/Llama-3.1-8B-Instruct,INTJ,memory,crash,42,0.92,deterioration,78.98,87.44962111884121,9448.073890515883,5000.0,56.31899076368551,HOLD,0.0,"The current market conditions do not align with the system's criteria for entry. The RSI is below 50, indicating a potential oversold condition, but the trend is bearish and the P/E ratio is relatively high, suggesting a lack of fundamental support for a long position. The system is not indicating a clear entry signal.",82.62,84.92,45.8,-1.0227,1084467,0.92,22.0,13.5,2.95,-2.7,-1,0.02,0.0,0.02
Day-76,meta-llama/Llama-3.1-8B-Instruct,INTJ,memory,crash,42,0.92,deterioration,82.59,89.01854618889648,9651.385447172786,5000.0,56.31899076368551,HOLD,0.0,"The RSI is at 49.1, indicating a neutral market sentiment. The trend is bearish, with the SMA20 below the SMA60. The P/E ratio is 13.9, which is relatively low. The model suggests holding cash to wait for a more favorable entry point.",82.55,84.77,49.1,-0.9108,1139295,0.98,22.1,13.9,2.87,-2.61,-1,0.33,-0.03,0.36
Day-77,meta-llama/Llama-3.1-8B-Instruct,INTJ,memory,crash,42,0.92,deterioration,81.72,88.49921973665073,9602.387925208379,5000.0,56.31899076368551,HOLD,0.0,"The market is currently in a downtrend, with the SMA20 below the SMA60, and the RSI is below 60. The P/E ratio is relatively low, indicating undervaluation. The model suggests caution and no immediate entry.",82.35,84.64,55.5,-0.8823,1088505,0.95,22.2,13.9,2.89,-2.7,-1,-0.51,-0.1,-0.41
Day-78,meta-llama/Llama-3.1-8B-Instruct,INTJ,memory,crash,42,0.92,deterioration,80.2,88.1542937931215,9516.783059247578,5000.0,56.31899076368551,HOLD,0.0,"The RSI is below 50, indicating a potential oversold condition, but the trend is still bearish and the P/E ratio is relatively high. Implied volatility is above average, suggesting a high risk environment. The model should wait for a clearer signal before entering the market.",82.22,84.51,48.6,-0.9709,1044351,0.91,22.3,13.6,2.93,-2.71,-1,0.46,0.05,0.41
Day-79,meta-llama/Llama-3.1-8B-Instruct,INTJ,memory,crash,42,0.92,deterioration,81.25,88.19777912244496,9575.917999549449,5000.0,56.31899076368551,HOLD,0.0,"The RSI is below 50, indicating a potential oversold condition, but the trend is bearish and the P/E ratio is relatively high, suggesting a lack of value. Implied volatility is above average, which may indicate a potential for increased price movement, but the overall market conditions do not strongly suggest a buy or sell signal. The system's current holding value is $4516.78, and the cash reserve is $5000.00, so there is no compelling reason to adjust the portfolio at this time.",82.05,84.4,47.1,-0.9459,1060317,0.94,22.4,13.8,2.89,-2.79,-1,-0.05,0.05,-0.1
Day-80,meta-llama/Llama-3.1-8B-Instruct,INTJ,memory,crash,42,0.92,deterioration,79.47,87.00621554269955,9475.670195990087,5000.0,56.31899076368551,HOLD,0.0,"The stock price is below the 60-day SMA, and the RSI is below 50, indicating a potential bearish trend. The P/E ratio is relatively low, suggesting undervaluation. The system's current holding value is $4575.92, and the cash reserve is $5000.00, so there is no need to adjust the position at this time.",81.75,84.21,46.5,-1.0574,1230389,1.08,22.5,13.7,2.92,-2.92,-1,-0.13,0.02,-0.15
Day-81,meta-llama/Llama-3.1-8B-Instruct,INTJ,memory,crash,42,0.92,panic,79.55,86.28654365486204,9480.175715251182,5000.0,56.31899076368551,HOLD,0.0,"The stock price is below the trend line, and the RSI is below 50, indicating a potential buying opportunity. However, the news sentiment is negative, and the implied volatility is high, suggesting caution. The model should reassess the situation after the next price movement.",81.63,84.08,40.1,-1.1259,2206333,1.84,22.5,13.8,2.89,-2.91,-1,-0.99,-0.24,-0.75
Day-82,meta-llama/Llama-3.1-8B-Instruct,INTJ,memory,crash,42,0.92,panic,80.25,86.14365622637378,9519.599008785763,5000.0,56.31899076368551,HOLD,0.0,"The stock price is trading below the 60-day SMA, indicating a potential downtrend. The RSI is at 48.6, suggesting a neutral to slightly bearish sentiment. The system's current holding value is $4480.18, and the cash reserve is $5000.00, indicating no need to adjust the portfolio at this time.",81.48,83.9,48.6,-1.1115,2404342,1.9,22.9,14.0,2.86,-2.89,-1,-0.27,-0.2,-0.08
Day-83,meta-llama/Llama-3.1-8B-Instruct,INTJ,memory,crash,42,0.92,panic,82.53,87.1215502711153,9648.006307726966,5000.0,56.31899076368551,HOLD,0.0,"The market is experiencing a short-term downtrend, as indicated by the negative SMA20/60 difference. The RSI is at 51.0, which is not yet in oversold territory. The system is not indicating a strong buy signal, and the portfolio is adequately allocated.",81.71,83.8,51.0,-0.9053,2588278,1.93,23.3,14.2,2.81,-2.5,-1,-0.7,-0.43,-0.27
Day-84,meta-llama/Llama-3.1-8B-Instruct,INTJ,memory,crash,42,0.92,panic,77.36,86.10328005284165,9356.837125478713,5000.0,56.31899076368551,HOLD,0.0,"The market is currently in a downtrend, with the SMA20/60 indicating a bearish momentum. The RSI is below 50, suggesting a potential oversold condition, but the news sentiment is negative and the P/E ratio is relatively low. The system should wait for a more favorable setup before entering a trade.",81.52,83.63,42.1,-1.146,2827194,1.98,23.6,13.5,2.97,-2.53,-1,-0.76,-0.57,-0.19
Day-85,meta-llama/Llama-3.1-8B-Instruct,INTJ,memory,crash,42,0.92,panic,81.21,84.79478644994846,9573.6652399189,5000.0,56.31899076368551,HOLD,0.0,"The market is in a neutral state with a bearish trend, but the RSI is below 50, indicating potential for a bounce. The P/E ratio is reasonable, and implied volatility is high, suggesting a potential for increased price movement. The model should be allowed to reassess the situation before making a decision.",81.43,83.44,44.9,-1.0143,2177570,1.47,24.0,14.4,2.78,-2.41,-1,-0.97,-0.74,-0.23
Day-86,meta-llama/Llama-3.1-8B-Instruct,INTJ,memory,crash,42,0.92,panic,74.16,83.79302940636393,9176.616355034917,5000.0,56.31899076368551,HOLD,0.0,"The RSI is below 50, indicating a potential buying opportunity, but the trend is bearish and the news sentiment is negative. The P/E ratio is relatively low, which could be a sign of undervaluation. However, the system's current mandate is to prioritize alpha, and the current market conditions do not provide a clear, logical edge for entry.",81.05,83.17,40.9,-1.4618,3036648,1.94,24.4,13.3,3.01,-2.55,-1,-0.66,-0.67,0.01
Day-87,meta-llama/Llama-3.1-8B-Instruct,INTJ,memory,crash,42,0.92,panic,77.24,84.208431524066,9350.078846587068,5000.0,56.31899076368551,HOLD,0.0,"The stock's price is above the 20-day and 60-day SMA, indicating a short-term uptrend. However, the RSI is below 50, suggesting a potential oversold condition. The system should wait for a clearer signal before entering a trade.",80.66,83.04,41.0,-1.5499,2895144,1.75,24.8,13.8,2.91,-2.87,-1,-0.92,-0.8,-0.11
Day-88,meta-llama/Llama-3.1-8B-Instruct,INTJ,memory,crash,42,0.92,panic,78.2,84.03718263372569,9404.145077720208,5000.0,56.31899076368551,HOLD,0.0,"The stock's price is below its 60-day SMA, indicating a potential downtrend. The RSI is below 50, suggesting oversold conditions. The system does not indicate a strong buy signal, and the portfolio is adequately allocated.",80.52,82.88,43.9,-1.5252,2328747,1.36,25.2,14.0,2.87,-2.85,-1,-0.78,-0.82,0.04
Day-89,meta-llama/Llama-3.1-8B-Instruct,INTJ,memory,crash,42,0.92,panic,76.79,83.00742242995865,9324.73530074341,5000.0,56.31899076368551,HOLD,0.0,"The market is in a neutral state, with the RSI at 46.7 and the trend indicators showing a slight downtrend. The P/E ratio is relatively low at 13.9, indicating undervaluation. The model suggests caution and no immediate entry or exit.",80.26,82.71,46.7,-1.6009,3263216,1.81,25.6,13.9,2.88,-2.97,-1,-0.29,-0.72,0.43
Day-90,meta-llama/Llama-3.1-8B-Instruct,INTJ,memory,crash,42,0.92,panic,75.44,83.02068986307201,9248.704663212435,5000.0,56.31899076368551,HOLD,0.0,"The current market conditions do not align with the system's criteria for entry. The RSI is below 40, indicating oversold conditions, but the trend is bearish and the P/E ratio is relatively high, suggesting a potential for further decline. The system's current configuration does not indicate a strong buy signal.",79.92,82.46,38.5,-1.7491,3366429,1.76,25.9,13.6,2.93,-3.09,-1,-0.82,-0.69,-0.13
Day-91,meta-llama/Llama-3.1-8B-Instruct,INTJ,memory,crash,42,0.92,panic,75.7,82.61776741242005,9263.347600810994,5000.0,56.31899076368551,HOLD,0.0,"The stock's price is above the SMA20 and SMA60, indicating a short-term uptrend. However, the RSI is below 50, suggesting a potential for a pullback. The system should wait for a clearer signal before entering the trade.",79.47,82.26,40.1,-1.8252,2410413,1.22,26.3,13.7,2.91,-3.39,-1,-0.57,-0.67,0.1
Day-92,meta-llama/Llama-3.1-8B-Instruct,INTJ,memory,crash,42,0.92,panic,75.7,83.08641240295293,9263.347600810994,5000.0,56.31899076368551,HOLD,0.0,"The market is in a downtrend, with the SMA20/60 indicating a negative slope. The RSI is below 50, suggesting a potential oversold condition. The system's current position is to hold cash, waiting for a more favorable entry point.",79.23,82.05,42.2,-1.8637,2701380,1.32,26.7,13.7,2.93,-3.45,-1,-0.94,-0.68,-0.26
Day-93,meta-llama/Llama-3.1-8B-Instruct,INTJ,memory,crash,42,0.92,panic,74.45,81.88435930907558,9192.948862356387,5000.0,56.31899076368551,HOLD,0.0,"The market is experiencing a short-term downtrend, as indicated by the negative SMA20/60 crossover. The RSI is oversold at 38.4, suggesting a potential bounce. However, the long-term implications of the market's current state are not yet clear, and the model requires further analysis before making a trade decision.",78.77,81.81,38.4,-1.9725,3376954,1.56,27.1,13.6,2.93,-3.72,-1,-0.81,-0.68,-0.12
Day-94,meta-llama/Llama-3.1-8B-Instruct,INTJ,memory,crash,42,0.92,panic,75.85,81.05669716247782,9271.795449425546,5000.0,56.31899076368551,HOLD,0.0,"The RSI is below 50, indicating a potential buying opportunity, but the trend is bearish and the P/E ratio is relatively high. The Implied Volatility is also high, suggesting potential market uncertainty. The model should be re-evaluated after a clearer trend emerges.",78.43,81.58,43.7,-1.9237,3353808,1.47,27.5,14.0,2.85,-3.86,-1,-0.45,-0.72,0.27
Day-95,meta-llama/Llama-3.1-8B-Instruct,INTJ,memory,crash,42,0.92,panic,74.29,80.16458900934566,9183.937823834196,5000.0,56.31899076368551,HOLD,0.0,"The RSI is below 50, indicating a potential oversold condition, but the trend is bearish and the news sentiment is negative. The P/E ratio is relatively low, suggesting undervaluation. The system indicates no clear buy signal, so holding cash is the most logical decision.",78.2,81.4,41.3,-1.988,2702881,1.15,27.8,13.9,2.88,-3.93,-1,-0.93,-0.74,-0.19
Day-96,meta-llama/Llama-3.1-8B-Instruct,INTJ,memory,crash,42,0.92,panic,70.91,78.20107406121353,8993.57963505294,5000.0,56.31899076368551,HOLD,0.0,"The market is oversold according to the RSI, but the trend is bearish and the price is still above the SMA20. The P/E ratio is relatively low, indicating potential value, but the implied volatility is high, suggesting caution. The system is not indicating a strong buy signal, so it's best to hold and wait for further confirmation.",77.61,81.12,35.8,-2.2855,2771048,1.13,28.2,13.6,2.94,-4.32,-1,-0.44,-0.71,0.27
Day-97,meta-llama/Llama-3.1-8B-Instruct,INTJ,memory,crash,42,0.92,panic,73.11,77.99719433827812,9117.481414733047,5000.0,56.31899076368551,HOLD,0.0,"The RSI is oversold, but the trend is still bearish and the P/E ratio is relatively low. The implied volatility is high, which may indicate a potential mean reversion. The system is not indicating a strong buy signal, so it's best to hold and wait for further confirmation.",77.18,80.89,35.7,-2.3169,3013311,1.19,28.6,14.1,2.85,-4.58,-1,-0.66,-0.65,-0.0
Day-98,meta-llama/Llama-3.1-8B-Instruct,INTJ,memory,crash,42,0.92,panic,72.0,77.75824961045801,9054.967334985357,5000.0,56.31899076368551,HOLD,0.0,"The market is in a downtrend, with the SMA20/60 indicating a negative slope. The RSI is below 50, suggesting a potential oversold condition, but the news sentiment is negative and the P/E ratio is relatively high. The system should wait for a clearer signal before entering the market.",76.77,80.63,40.7,-2.4035,3200402,1.21,29.0,13.9,2.88,-4.78,-1,-0.91,-0.68,-0.24
Day-99,meta-llama/Llama-3.1-8B-Instruct,INTJ,memory,crash,42,0.92,panic,72.3,77.26336306710047,9071.863032214462,5000.0,56.31899076368551,HOLD,0.0,"The RSI is oversold, but the trend is bearish and the P/E ratio is relatively high. The Implied Volatility is above average, suggesting potential for increased price movement. The model suggests caution and waiting for a more favorable entry point.",76.32,80.31,32.4,-2.4198,3417044,1.24,29.4,14.0,2.85,-4.97,-1,-0.67,-0.72,0.05
Day-100,meta-llama/Llama-3.1-8B-Instruct,INTJ,memory,crash,42,0.92,panic,71.35,76.52877593372531,9018.35999098896,5000.0,56.31899076368551,HOLD,0.0,"The stock price is trading below its 20-day and 60-day SMA, indicating a bearish trend. The RSI is below 50, suggesting a potential oversold condition. The system's analysis suggests waiting for a clearer signal before entering the trade.",75.92,80.04,42.7,-2.4808,3131784,1.1,29.7,14.0,2.86,-5.15,-1,-0.61,-0.66,0.05
Day-101,meta-llama/Llama-3.1-8B-Instruct,INTJ,memory,crash,42,0.92,panic,67.4,74.6134051916749,8795.899977472403,5000.0,56.31899076368551,HOLD,0.0,"The RSI is oversold, but the trend is bearish and the news sentiment is negative. The P/E ratio is relatively low, which could indicate undervaluation. However, the model should be trusted, and the current setup does not provide a clear buy signal.",75.31,79.72,25.5,-2.8155,3297292,1.13,30.1,13.6,2.95,-5.54,-1,-0.68,-0.71,0.03
Day-102,meta-llama/Llama-3.1-8B-Instruct,INTJ,memory,crash,42,0.92,panic,66.96,73.69275986890955,8771.119621536382,5000.0,56.31899076368551,HOLD,0.0,"The RSI is oversold, but the trend is bearish and the news sentiment is negative. The P/E ratio is relatively low, but the implied volatility is high, indicating potential market uncertainty. The system's current assessment suggests caution and a wait-and-see approach.",74.65,79.34,21.3,-3.081,3725384,1.25,30.5,13.6,2.93,-5.92,-1,-1.0,-0.77,-0.23
Day-103,meta-llama/Llama-3.1-8B-Instruct,INTJ,memory,crash,42,0.92,panic,68.14,72.85004535238278,8837.57603063753,5000.0,56.31899076368551,HOLD,0.0,"The stock price is below the 20-day and 60-day SMA, indicating a bearish trend. The RSI is oversold at 27.6, suggesting a potential bounce. However, the news sentiment is negative and the implied volatility is high, indicating potential for continued volatility.",73.93,78.95,27.6,-3.1593,2796124,0.94,30.9,14.0,2.85,-6.37,-1,-0.95,-0.78,-0.17
Day-104,meta-llama/Llama-3.1-8B-Instruct,INTJ,memory,crash,42,0.92,panic,66.74,71.54776808316116,8758.72944356837,5000.0,56.31899076368551,HOLD,0.0,"The RSI is oversold, but the trend is bearish and the P/E ratio is relatively low. The Implied Volatility is high, indicating potential for increased price movement. The model suggests caution and a wait for a more favorable entry point.",73.4,78.56,27.6,-3.2966,3130505,1.04,31.3,14.0,2.86,-6.57,-1,-0.85,-0.82,-0.03
Day-105,meta-llama/Llama-3.1-8B-Instruct,INTJ,memory,crash,42,0.92,panic,65.18,70.88648237149515,8670.871817977022,5000.0,56.31899076368551,HOLD,0.0,"The stock is trading below its 60-day SMA, indicating a bearish trend. The RSI is oversold, but the news sentiment is negative, which may not be a buying catalyst. The model suggests caution and a wait for a more favorable entry point.",72.6,78.21,24.6,-3.4906,3817085,1.24,31.7,13.8,2.9,-7.18,-1,-0.81,-0.86,0.04
Day-106,meta-llama/Llama-3.1-8B-Instruct,INTJ,memory,crash,42,0.92,panic,65.3,70.79053322830968,8677.630096868663,5000.0,56.31899076368551,HOLD,0.0,"The RSI is oversold, but the trend is bearish and the P/E ratio is relatively low, indicating a potential for a short-term bounce. However, the news sentiment is negative and the implied volatility is high, suggesting a volatile market. The system's primary focus is on long-term alpha, and the current conditions do not provide a clear entry point for a trade.",72.15,77.84,25.0,-3.5934,4121989,1.31,32.0,13.8,2.89,-7.3,-1,-0.68,-0.86,0.18
Day-107,meta-llama/Llama-3.1-8B-Instruct,INTJ,memory,crash,42,0.92,panic,68.32,72.17671912952022,8847.713448974993,5000.0,56.31899076368551,HOLD,0.0,"The stock is trading below its 60-day SMA, indicating a potential downtrend. The RSI is below 50, suggesting oversold conditions. The model requires further analysis and a clear entry signal before considering a trade.",71.71,77.49,36.4,-3.3924,3618518,1.14,32.4,14.2,2.82,-7.46,-1,-0.76,-0.81,0.05
Day-108,meta-llama/Llama-3.1-8B-Instruct,INTJ,memory,crash,42,0.92,panic,65.22,71.85129694235205,8673.124577607568,5000.0,56.31899076368551,HOLD,0.0,"The RSI is oversold, but the trend is bearish and the P/E ratio is relatively low, indicating a potential value opportunity. However, the implied volatility is high, suggesting a possible correction. The system's current mandate is to prioritize alpha, and the current market conditions do not provide a clear, logical entry point.",71.06,77.14,28.1,-3.4438,3690877,1.14,32.8,13.6,2.94,-7.88,-1,-1.0,-0.82,-0.18
Day-109,meta-llama/Llama-3.1-8B-Instruct,INTJ,memory,crash,42,0.92,panic,66.7,71.60884733307482,8756.476683937824,5000.0,56.31899076368551,HOLD,0.0,"The RSI is below 50, indicating a potential buying opportunity, but the trend is bearish and the news sentiment is negative. The P/E ratio is relatively low, which could be a sign of undervaluation. However, the model should be trusted, and the current setup does not provide a clear, logical entry point.",70.55,76.78,34.3,-3.3264,3107185,0.96,33.2,14.0,2.86,-8.11,-1,-0.72,-0.8,0.07
Day-110,meta-llama/Llama-3.1-8B-Instruct,INTJ,memory,crash,42,0.92,panic,65.05,71.03440141730866,8663.550349177742,5000.0,56.31899076368551,HOLD,0.0,"The RSI is below 50, indicating a potential oversold condition, but the trend is still bearish and the news sentiment is negative. The P/E ratio is relatively low, which could be a buying opportunity, but the implied volatility is high, indicating potential market uncertainty. The system suggests caution and holding current positions.",70.03,76.37,37.0,-3.3283,3650377,1.12,33.6,13.7,2.91,-8.3,-1,-0.68,-0.77,0.09
Day-111,meta-llama/Llama-3.1-8B-Instruct,INTJ,memory,crash,42,0.92,panic,62.8,68.61563020200961,8536.83261995945,5000.0,56.31899076368551,HOLD,0.0,"The stock's price is below the 20-day and 60-day SMA, indicating a bearish trend. The RSI is oversold at 27.1, suggesting a potential bounce. However, the news sentiment is negative and the implied volatility is high, indicating potential market uncertainty.",69.39,75.99,27.1,-3.4712,3820388,1.15,33.9,13.7,2.91,-8.68,-1,-0.69,-0.77,0.08
Day-112,meta-llama/Llama-3.1-8B-Instruct,INTJ,memory,crash,42,0.92,panic,64.29,68.0891163265604,8620.747916197342,5000.0,56.31899076368551,HOLD,0.0,"The market is experiencing a downtrend, indicated by the negative trend line (-1) and low RSI (33.2). The P/E ratio is relatively low (14.2), suggesting undervaluation. The model should be cautious and wait for a clearer signal before entering a trade.",68.82,75.61,33.2,-3.4248,3420717,1.02,34.3,14.2,2.82,-8.98,-1,-0.58,-0.73,0.15
Day-113,meta-llama/Llama-3.1-8B-Instruct,INTJ,memory,crash,42,0.92,panic,63.48,67.64934653650141,8575.129533678755,5000.0,56.31899076368551,HOLD,0.0,"The stock is trading below its 60-day SMA, indicating a potential downtrend. The RSI is oversold at 31.2, suggesting a possible bounce. However, the news sentiment is negative and the implied volatility is high, indicating potential market uncertainty, which warrants a cautious approach.",68.27,75.32,31.2,-3.4143,3500019,1.04,34.7,14.1,2.84,-9.36,-1,-0.63,-0.66,0.03
Day-114,meta-llama/Llama-3.1-8B-Instruct,INTJ,memory,crash,42,0.92,panic,65.26,69.6125886489867,8675.377337238117,5000.0,56.31899076368551,HOLD,0.0,"The stock is trading below its 60-day SMA, indicating a potential downtrend. The RSI is below 50, suggesting oversold conditions, but the news sentiment is negative and the implied volatility is high, which may indicate a potential for further price movement. The system is not indicating a clear buy signal, so it's best to hold cash and wait for a more favorable entry point.",67.74,75.0,37.5,-3.2246,3706951,1.1,35.1,14.1,2.84,-9.68,-1,-0.71,-0.66,-0.05
Day-115,meta-llama/Llama-3.1-8B-Instruct,INTJ,memory,crash,42,0.92,panic,65.36,68.92022768420559,8681.009236314485,5000.0,56.31899076368551,HOLD,0.0,"The RSI is at 45, indicating a potential oversold condition, but the trend is bearish and the news sentiment is negative. The P/E ratio is relatively low, but the implied volatility is high, suggesting a potential for increased market uncertainty. The system's analysis indicates a wait-and-see approach is warranted.",67.29,74.64,45.0,-3.0311,3184180,0.93,35.5,14.2,2.81,-9.85,-1,-0.81,-0.69,-0.13
Day-116,meta-llama/Llama-3.1-8B-Instruct,INTJ,memory,crash,42,0.92,panic,63.26,68.72177502653919,8562.739355710746,5000.0,56.31899076368551,HOLD,0.0,"The market is currently in a downtrend, indicated by the negative trend (SMA20/60) and low RSI. The P/E ratio is relatively low, suggesting undervaluation. The model should wait for a more favorable entry point, prioritizing long-term alpha over short-term gains.",66.91,74.28,41.6,-3.0133,3699583,1.07,35.8,13.8,2.9,-9.92,-1,-1.0,-0.75,-0.25
Day-117,meta-llama/Llama-3.1-8B-Instruct,INTJ,memory,crash,42,0.92,panic,63.76,68.18706325683395,8590.898851092588,5000.0,56.31899076368551,HOLD,0.0,"The market is trending downwards, indicated by the negative SMA20/60 spread and bearish RSI. The P/E ratio is relatively low, suggesting undervaluation. The model suggests caution and no immediate entry.",66.44,73.85,39.7,-2.9251,3560806,1.02,36.2,14.0,2.85,-10.03,-1,-0.71,-0.77,0.06
Day-118,meta-llama/Llama-3.1-8B-Instruct,INTJ,memory,crash,42,0.92,panic,60.73,66.51838521921442,8420.25230907862,5000.0,56.31899076368551,HOLD,0.0,"The stock price is below the 20-day and 60-day SMA, indicating a bearish trend. The RSI is below 50, suggesting oversold conditions. The model should reassess the situation after the stock price closes above the SMA or the RSI moves above 50.",65.88,73.44,36.9,-3.0639,3787114,1.08,36.6,13.7,2.92,-10.3,-1,-0.76,-0.8,0.04
Day-119,meta-llama/Llama-3.1-8B-Instruct,INTJ,memory,crash,42,0.92,panic,62.27,67.16120803372944,8506.983554854698,5000.0,56.31899076368551,HOLD,0.0,"The RSI is below 50, indicating a potential buying opportunity. However, the trend is negative and the P/E ratio is relatively high, suggesting a potential overvaluation. The system is not indicating a strong buy signal, so it's best to hold and wait for further confirmation.",65.38,73.05,43.7,-3.0146,3485032,0.99,37.0,13.9,2.88,-10.5,-1,-0.75,-0.81,0.06
Day-120,meta-llama/Llama-3.1-8B-Instruct,INTJ,memory,crash,42,0.92,panic,61.82,67.41314106641622,8481.640009011038,5000.0,56.31899076368551,HOLD,0.0,"The market is currently in a downtrend, indicated by the negative SMA20/60 crossover. The RSI is below 50, suggesting a potential oversold condition, but the news sentiment is negative, which may not be a buying catalyst. The system should wait for a more favorable setup before entering the trade.",64.9,72.64,42.5,-2.9775,4801214,1.34,37.4,13.8,2.91,-10.65,-1,-1.0,-0.84,-0.16
Day-121,meta-llama/Llama-3.1-8B-Instruct,INTJ,memory,crash,42,0.92,panic,62.43,67.70417301345927,8515.994593376887,5000.0,56.31899076368551,HOLD,0.0,"The stock's price is below the 20-day and 60-day SMA, indicating a bearish trend. The RSI is below 50, suggesting oversold conditions. The system should wait for a more favorable entry signal before making a trade.",64.65,72.2,35.9,-2.866,4351960,1.19,37.8,13.8,2.89,-10.45,-1,-1.0,-0.84,-0.16
Day-122,meta-llama/Llama-3.1-8B-Instruct,INTJ,memory,crash,42,0.92,panic,61.88,66.29478555866453,8485.01914845686,5000.0,56.31899076368551,HOLD,0.0,"The market is in a downtrend, with the SMA20 below SMA60, and the RSI is below 50. The P/E ratio is relatively low, indicating undervaluation. The model suggests holding cash to wait for a more favorable entry point.",64.4,71.82,40.9,-2.7898,4540851,1.23,38.1,14.0,2.86,-10.33,-1,-0.59,-0.82,0.23
Day-123,meta-llama/Llama-3.1-8B-Instruct,INTJ,memory,crash,42,0.92,panic,60.59,67.19757986960062,8412.367650371705,5000.0,56.31899076368551,HOLD,0.0,"The stock is trading below its 60-day SMA, indicating a potential downtrend. The RSI is below 50, suggesting oversold conditions, but the trend is bearish. The model should wait for a clear buy signal or a reversal pattern before entering the trade.",64.02,71.36,33.2,-2.8011,4774682,1.26,38.5,13.5,2.96,-10.28,-1,-0.81,-0.83,0.02
Day-124,meta-llama/Llama-3.1-8B-Instruct,INTJ,memory,crash,42,0.92,panic,63.21,65.29572880680834,8559.923406172562,5000.0,56.31899076368551,HOLD,0.0,"The market is in a downtrend, indicated by the negative SMA20/60 difference and low RSI. The P/E ratio is relatively low, suggesting undervaluation, but the Implied Volatility is high, indicating uncertainty. The model suggests caution and no immediate entry.",63.85,70.98,45.2,-2.5694,4319340,1.12,38.9,14.5,2.75,-10.04,-1,-0.66,-0.81,0.15
Day-125,meta-llama/Llama-3.1-8B-Instruct,INTJ,memory,crash,42,0.92,panic,58.64,65.3825859006086,8302.545618382519,5000.0,56.31899076368551,HOLD,0.0,"The RSI is below 50, indicating a potential oversold condition, but the trend is bearish and the news sentiment is negative. The P/E ratio is relatively low, but the implied volatility is high, suggesting a potential for increased market uncertainty. The system's current holding value is $3559.92, and the cash reserve is $5000.00, so it's best to wait for a clearer signal before entering the market.",63.52,70.57,40.3,-2.7229,3643267,0.95,39.3,13.5,2.97,-9.99,-1,-0.79,-0.77,-0.02
Day-126,meta-llama/Llama-3.1-8B-Instruct,INTJ,memory,crash,42,0.92,panic,59.89,67.07304152641859,8372.944356837124,5000.0,56.31899076368551,HOLD,0.0,"The RSI is below 50, indicating a potential oversold condition, but the trend is bearish and the P/E ratio is relatively low, suggesting a lack of overvaluation. The Implied Volatility is high, which could indicate a potential for increased market movement, but the overall market conditions do not strongly suggest a buy signal. The system's analysis suggests caution and no immediate entry.",63.25,70.11,39.6,-2.7131,4472187,1.16,39.7,13.4,2.99,-9.79,-1,-0.79,-0.73,-0.06
Day-127,meta-llama/Llama-3.1-8B-Instruct,INTJ,memory,crash,42,0.92,panic,62.07,65.5825052012879,8495.71975670196,5000.0,56.31899076368551,HOLD,0.0,"The stock is trading below its 60-day SMA, indicating a bearish trend. The RSI is below 50, suggesting a potential oversold condition, but the news sentiment is negative and the implied volatility is high, indicating uncertainty. The system is not signaling a clear buy opportunity, so it's best to hold and wait for a more favorable setup.",62.94,69.72,46.9,-2.4999,4603700,1.18,40.0,14.2,2.82,-9.73,-1,-0.61,-0.73,0.12
Day-128,meta-llama/Llama-3.1-8B-Instruct,INTJ,memory,crash,42,0.92,panic,60.54,64.51620747168512,8409.551700833521,5000.0,56.31899076368551,HOLD,0.0,"The RSI is below 50, indicating a potential oversold condition, but the trend is bearish and the P/E ratio is relatively high. The Implied Volatility is high, suggesting a potential for increased price movement. The model is not indicating a clear buy signal, so it's best to hold and wait for further confirmation.",62.7,69.33,39.4,-2.4265,4932484,1.24,40.4,14.1,2.84,-9.56,-1,-0.9,-0.75,-0.15
Day-129,meta-llama/Llama-3.1-8B-Instruct,INTJ,memory,crash,42,0.92,panic,59.92,64.11585883677276,8374.633926560036,5000.0,56.31899076368551,HOLD,0.0,"The stock is trading below its 60-day SMA, indicating a bearish trend. The RSI is below 50, suggesting a potential oversold condition, but the news sentiment and volume ratio are bearish, indicating a lack of buying pressure. The system is not indicating a clear buy signal, so it's best to hold and wait for further analysis.",62.36,68.9,38.1,-2.3908,4409958,1.09,40.8,14.0,2.85,-9.49,-1,-0.78,-0.78,-0.0
Day-130,meta-llama/Llama-3.1-8B-Instruct,INTJ,memory,crash,42,0.92,panic,59.01,63.112383182656565,8323.383644965083,5000.0,56.31899076368551,HOLD,0.0,"The market is in a downtrend, with the SMA20 below the SMA60. The RSI is below 50, indicating oversold conditions. The system does not indicate a strong buy signal, and the news sentiment is negative, which aligns with the bearish trend.",62.06,68.49,40.2,-2.4088,3894553,0.96,41.2,14.0,2.85,-9.39,-1,-0.89,-0.8,-0.1
Day-131,meta-llama/Llama-3.1-8B-Instruct,INTJ,memory,crash,42,0.92,panic,56.16,61.06171975159043,8162.874521288579,5000.0,56.31899076368551,HOLD,0.0,"The market is in a downtrend, indicated by the negative trend (SMA20/60) and negative news sentiment. The RSI is oversold, but the price is still below the 20-day SMA, suggesting a potential for further decline. The system should wait for a more favorable setup before entering the trade.",61.73,68.02,34.2,-2.6225,4219179,1.04,41.6,13.8,2.9,-9.25,-1,-0.89,-0.82,-0.07
Day-132,meta-llama/Llama-3.1-8B-Instruct,INTJ,memory,crash,42,0.92,panic,54.43,60.63028272639646,8065.442667267403,5000.0,56.31899076368551,HOLD,0.0,"The RSI is oversold, but the trend is bearish and the P/E ratio is relatively low. The Implied Volatility is high, indicating potential for increased price movement. The model suggests caution and no immediate entry.",61.24,67.51,36.1,-2.8976,4405746,1.07,41.9,13.5,2.97,-9.29,-1,-0.86,-0.87,0.0
Day-133,meta-llama/Llama-3.1-8B-Instruct,INTJ,memory,crash,42,0.92,panic,54.46,59.06797901267035,8067.132236990314,5000.0,56.31899076368551,HOLD,0.0,"The RSI is oversold, but the trend is still bearish. The P/E ratio is relatively low, and implied volatility is high, indicating potential for a bounce. However, the model's primary focus is on long-term alpha generation, and the current setup does not provide a compelling entry point.",60.79,66.95,31.5,-3.0784,4977912,1.19,42.3,13.8,2.89,-9.2,-1,-0.76,-0.84,0.08
Day-134,meta-llama/Llama-3.1-8B-Instruct,INTJ,memory,crash,42,0.92,panic,53.3,59.041571443305536,8001.802207704437,5000.0,56.31899076368551,HOLD,0.0,"The RSI is oversold, but the trend is bearish and the P/E ratio is relatively high. Implied volatility is high, indicating market uncertainty. The system is not indicating a clear buy signal, so it's best to hold cash and wait for a more favorable entry point.",60.19,66.47,30.5,-3.277,4880121,1.15,42.7,13.5,2.95,-9.45,-1,-0.9,-0.86,-0.04
Day-135,meta-llama/Llama-3.1-8B-Instruct,INTJ,memory,crash,42,0.92,panic,54.48,57.622147209071734,8068.258616805586,5000.0,56.31899076368551,HOLD,0.0,"The stock is trading below its 60-day SMA, indicating a potential downtrend. The RSI is at 32.3, suggesting oversold conditions. The system is not indicating a strong buy signal, so it's best to hold cash and wait for a more favorable entry point.",59.64,65.93,32.3,-3.3017,4512524,1.05,43.1,14.2,2.82,-9.54,-1,-0.55,-0.79,0.24
Day-136,meta-llama/Llama-3.1-8B-Instruct,INTJ,memory,crash,42,0.92,panic,53.76,58.67208161408927,8027.708943455733,5000.0,56.31899076368551,HOLD,0.0,"The RSI is oversold, but the trend is bearish and the P/E ratio is relatively high. Implied volatility is elevated, suggesting a potential for a short-term bounce. The model suggests caution and no immediate entry.",59.17,65.52,32.0,-3.3406,5770554,1.31,43.5,13.7,2.91,-9.7,-1,-0.98,-0.81,-0.17
Day-137,meta-llama/Llama-3.1-8B-Instruct,INTJ,memory,crash,42,0.92,panic,51.56,57.38882832175304,7903.807163775626,5000.0,56.31899076368551,HOLD,0.0,"The RSI is oversold, but the trend is bearish and the P/E ratio is relatively low. The Implied Volatility is high, indicating potential for increased market movement, but the news sentiment is negative. The system is not indicating a clear buy signal, so it's best to hold and wait for further analysis.",58.56,65.01,30.8,-3.5084,5079052,1.13,43.9,13.5,2.97,-9.92,-1,-0.84,-0.8,-0.03
Day-138,meta-llama/Llama-3.1-8B-Instruct,INTJ,memory,crash,42,0.92,panic,51.56,56.56676680554736,7903.807163775626,5000.0,56.31899076368551,HOLD,0.0,"The RSI is oversold, but the trend is bearish and the news sentiment is negative. The P/E ratio is relatively low, but the implied volatility is high, indicating potential for increased price movement. The model should prioritize caution and wait for a more favorable setup before entering the market.",58.1,64.48,22.1,-3.5999,4398615,0.97,44.2,13.7,2.93,-9.89,-1,-0.89,-0.83,-0.06
Day-139,meta-llama/Llama-3.1-8B-Instruct,INTJ,memory,crash,42,0.92,panic,52.95,56.880284022917024,7982.0905609371475,5000.0,56.31899076368551,HOLD,0.0,"The RSI is oversold, but the trend is bearish and the P/E ratio is relatively low. Implied volatility is high, indicating potential for a bounce, but the news sentiment is negative. The system's analysis suggests caution and no immediate buying opportunity.",57.63,64.0,33.9,-3.5197,4167941,0.91,44.6,14.0,2.86,-9.95,-1,-0.51,-0.75,0.24
Day-140,meta-llama/Llama-3.1-8B-Instruct,INTJ,memory,crash,42,0.92,panic,49.89,55.14941970648307,7809.754449200271,5000.0,56.31899076368551,HOLD,0.0,"The stock price is below the 20-day and 60-day SMA, indicating a bearish trend. The RSI is at 24.4, suggesting oversold conditions. The system does not indicate a strong buy signal, and the portfolio is currently underweight.",57.04,63.49,24.4,-3.6606,4305718,0.95,45.0,13.6,2.95,-10.16,-1,-0.76,-0.8,0.03
Day-141,meta-llama/Llama-3.1-8B-Instruct,INTJ,memory,crash,42,0.92,stabilization,49.63,55.28314967378514,7795.111511601712,5000.0,56.31899076368551,HOLD,0.0,"The RSI is oversold, but the trend is bearish and the P/E ratio is relatively low, indicating potential for further decline. The implied volatility is high, suggesting a volatile market environment. The system's current assessment is that the conditions are not yet favorable for a trade.",56.4,62.97,14.7,-3.7505,1684468,0.38,45.0,13.5,2.97,-10.43,-1,0.18,-0.56,0.74
Day-142,meta-llama/Llama-3.1-8B-Instruct,INTJ,memory,crash,42,0.92,stabilization,51.85,55.956721050926355,7920.139671097094,5000.0,56.31899076368551,HOLD,0.0,"The RSI is oversold, but the trend is bearish and the P/E ratio is relatively high. Implied volatility is elevated, suggesting a potential for increased price movement. The system is not indicating a strong buy signal, so it's best to hold and wait for further confirmation.",55.89,62.49,26.2,-3.6011,1611355,0.38,44.7,13.9,2.88,-10.55,-1,-0.09,-0.41,0.32
Day-143,meta-llama/Llama-3.1-8B-Instruct,INTJ,memory,crash,42,0.92,stabilization,51.13,55.172979433645736,7879.58999774724,5000.0,56.31899076368551,HOLD,0.0,"The RSI is oversold, but the trend is bearish and the P/E ratio is relatively high. The Implied Volatility is high, indicating potential for price movement, but the model suggests caution. The system is not indicating a strong buy signal, so it's best to hold and wait for further analysis.",55.42,62.02,26.1,-3.5004,1621395,0.4,44.5,13.9,2.88,-10.64,-1,0.1,-0.22,0.32
Day-144,meta-llama/Llama-3.1-8B-Instruct,INTJ,memory,crash,42,0.92,stabilization,50.1,55.28529636291189,7821.581437260644,5000.0,56.31899076368551,HOLD,0.0,"The RSI is oversold, but the trend is bearish and the P/E ratio is relatively high. Implied volatility is high, indicating potential for increased market fluctuations. The system's current mandate is to prioritize alpha, and the current market conditions do not provide a clear, logical entry point.",54.77,61.51,25.9,-3.4634,1684773,0.43,44.2,13.6,2.94,-10.96,-1,-0.38,-0.19,-0.18
Day-145,meta-llama/Llama-3.1-8B-Instruct,INTJ,memory,crash,42,0.92,stabilization,50.29,55.4352377600361,7832.2820455057445,5000.0,56.31899076368551,HOLD,0.0,"The RSI is oversold, but the trend is bearish, and the P/E ratio is relatively high. Implied volatility is elevated, and the news sentiment is negative. The system suggests caution and no immediate entry.",54.35,61.03,31.5,-3.3796,1593193,0.41,44.0,13.6,2.94,-10.95,-1,0.28,0.02,0.26
Day-146,meta-llama/Llama-3.1-8B-Instruct,INTJ,memory,crash,42,0.92,stabilization,51.73,55.84614919592476,7913.381392205451,5000.0,56.31899076368551,HOLD,0.0,"The market is in a downtrend, with the SMA20 below the SMA60, and the RSI is below 50. The Implied Volatility is high, indicating uncertainty, and the Volume Ratio is low, suggesting a lack of conviction. The system is not indicating a clear buy signal, and the current conditions do not support a trade.",53.94,60.65,41.3,-3.1612,2111201,0.56,43.7,13.9,2.88,-11.06,-1,-0.06,-0.03,-0.03
Day-147,meta-llama/Llama-3.1-8B-Instruct,INTJ,memory,crash,42,0.92,stabilization,48.66,55.24767384048572,7740.482090560937,5000.0,56.31899076368551,HOLD,0.0,"The market is in a short-term downtrend, with the SMA20 below the SMA60. The RSI is below 50, indicating oversold conditions. The system is not indicating a strong buy signal, and the trade setup is not favorable at this time.",53.27,60.16,34.4,-3.1989,1507288,0.42,43.5,13.2,3.03,-11.45,-1,-0.16,-0.04,-0.11
Day-148,meta-llama/Llama-3.1-8B-Instruct,INTJ,memory,crash,42,0.92,stabilization,48.13,54.607445533943576,7710.6330254561835,5000.0,56.31899076368551,HOLD,0.0,"The RSI is oversold, but the trend is bearish and the P/E ratio is relatively low. The Implied Volatility is high, indicating potential for a bounce, but the model suggests caution. The current setup does not provide a clear, logical entry point for a trade.",52.65,59.68,35.6,-3.2342,1818503,0.53,43.2,13.2,3.03,-11.78,-1,0.31,0.0,0.31
Day-149,meta-llama/Llama-3.1-8B-Instruct,INTJ,memory,crash,42,0.92,stabilization,49.42,54.88841631675203,7783.284523541339,5000.0,56.31899076368551,HOLD,0.0,"The RSI is oversold, but the trend is bearish and the P/E ratio is relatively low, indicating a potential value opportunity. However, the implied volatility is high, suggesting a potential for increased price movement. The system's current mandate is to prioritize alpha, and the current market conditions do not provide a clear, logical entry point.",52.12,59.22,36.0,-3.1219,1726089,0.52,43.0,13.5,2.96,-11.98,-1,-0.21,0.03,-0.24
Day-150,meta-llama/Llama-3.1-8B-Instruct,INTJ,memory,crash,42,0.92,stabilization,50.33,55.05690865336862,7834.534805136292,5000.0,56.31899076368551,HOLD,0.0,"The RSI is below 50, indicating a potential buying opportunity, but the trend is bearish and the P/E ratio is relatively high. The Implied Volatility is high, suggesting uncertainty in the market. The model should be re-evaluated for a potential entry point when the trend and RSI indicators align more favorably.",51.69,58.8,40.6,-2.9256,2123049,0.66,42.7,13.7,2.92,-12.09,-1,-0.42,-0.11,-0.32
Day-151,meta-llama/Llama-3.1-8B-Instruct,INTJ,memory,crash,42,0.92,stabilization,51.25,55.20215507854156,7886.348276638882,5000.0,56.31899076368551,HOLD,0.0,"The stock's price is below its 60-day SMA, indicating a short-term downtrend. The RSI is below 50, suggesting a potential oversold condition. However, the model requires a more compelling signal before initiating a trade.",51.44,58.48,49.1,-2.665,1494536,0.49,42.5,13.9,2.87,-12.03,-1,-0.47,-0.19,-0.28
Day-152,meta-llama/Llama-3.1-8B-Instruct,INTJ,memory,crash,42,0.92,stabilization,53.18,55.395379183290046,7995.0439288127955,5000.0,56.31899076368551,HOLD,0.0,"The market is experiencing a short-term downtrend, indicated by the negative SMA20/60 difference. The RSI is above 50, but not excessively high, suggesting a potential for a short-term correction. The system's analysis indicates that the current market conditions do not provide a clear, asymmetric edge for entry.",51.38,58.2,54.3,-2.277,1686627,0.57,42.2,14.4,2.78,-11.72,-1,0.18,-0.12,0.3
Day-153,meta-llama/Llama-3.1-8B-Instruct,INTJ,memory,crash,42,0.92,stabilization,51.96,55.0753668225008,7926.334760081099,5000.0,56.31899076368551,HOLD,0.0,"The stock is trading below its 60-day SMA, indicating a bearish trend. The RSI is below 50, suggesting a potential oversold condition. However, the model does not indicate a strong buy signal, and the news sentiment is negative, so it's best to hold and wait for a more favorable entry point.",51.26,57.88,47.4,-2.0444,2076112,0.74,41.9,14.2,2.83,-11.44,-1,-0.38,-0.26,-0.12
Day-154,meta-llama/Llama-3.1-8B-Instruct,INTJ,memory,crash,42,0.92,stabilization,50.55,55.2114936710813,7846.924983104303,5000.0,56.31899076368551,HOLD,0.0,"The market is in a downtrend, with the SMA20 below the SMA60. The RSI is neutral at 51.9, and the P/E ratio is below the historical average, indicating undervaluation. The model indicates no clear entry signal, so it's best to hold cash and wait for a more favorable setup.",51.12,57.55,51.9,-1.9507,1991284,0.75,41.7,13.7,2.91,-11.18,-1,0.53,-0.11,0.64
Day-155,meta-llama/Llama-3.1-8B-Instruct,INTJ,memory,crash,42,0.92,stabilization,50.92,55.37802990773064,7867.763009686867,5000.0,56.31899076368551,HOLD,0.0,"The trend is negative, RSI is below 55, and implied volatility is high, indicating potential market uncertainty. The P/E ratio is relatively low, suggesting undervaluation. The system is not indicating a strong buy signal, so it's best to hold and reassess the market conditions.",50.94,57.27,53.8,-1.8259,1945689,0.77,41.4,13.8,2.9,-11.05,-1,-0.62,-0.15,-0.47
Day-156,meta-llama/Llama-3.1-8B-Instruct,INTJ,memory,crash,42,0.92,stabilization,49.13,55.04085419871746,7766.95201621987,5000.0,56.31899076368551,HOLD,0.0,"The stock price is below the 20-day and 60-day SMA, indicating a bearish trend. The RSI is below 50, suggesting a potential oversold condition. The model should be waiting for a more favorable entry signal before making a trade.",50.71,56.95,41.9,-1.8498,1549916,0.67,41.2,13.4,2.99,-10.95,-1,0.51,0.04,0.47
Day-157,meta-llama/Llama-3.1-8B-Instruct,INTJ,memory,crash,42,0.92,stabilization,51.49,55.99374145428984,7899.864834422167,5000.0,56.31899076368551,HOLD,0.0,"The market is experiencing a short-term downtrend, indicated by the negative SMA20/60 difference and RSI below 50. However, the P/E ratio and implied volatility are within reasonable ranges. The system's current assessment does not suggest a clear entry point, and the model recommends waiting for further clarification before making a trade.",50.71,56.61,51.0,-1.6597,1480986,0.7,40.9,13.8,2.9,-10.43,-1,0.06,0.02,0.05
Day-158,meta-llama/Llama-3.1-8B-Instruct,INTJ,memory,crash,42,0.92,stabilization,51.32,56.25065791474573,7890.290605992341,5000.0,56.31899076368551,HOLD,0.0,"The market is in a neutral trend, with the SMA20 below the SMA60. The RSI is below 55, indicating a potential for a short-term pullback. The system is not indicating a strong buy or sell signal, so it's best to hold and wait for further analysis.",50.69,56.33,53.5,-1.5054,1809249,0.9,40.7,13.7,2.92,-10.01,-1,-0.03,0.09,-0.12
Day-159,meta-llama/Llama-3.1-8B-Instruct,INTJ,memory,crash,42,0.92,stabilization,51.71,55.67500616614441,7912.255012390178,5000.0,56.31899076368551,HOLD,0.0,"The trend is bearish, with the SMA20 below the SMA60, and the RSI is slightly below the midpoint. The P/E ratio is relatively low, indicating undervaluation. The model suggests caution, and a hold position is the most logical choice given the current market conditions.",50.63,56.03,54.0,-1.3364,1973605,1.04,40.4,13.9,2.87,-9.64,-1,-0.16,-0.05,-0.11
Day-160,meta-llama/Llama-3.1-8B-Instruct,INTJ,memory,crash,42,0.92,stabilization,50.3,56.023282970461324,7832.845235413381,5000.0,56.31899076368551,HOLD,0.0,"The market is experiencing a short-term downtrend, indicated by the negative SMA20/60 difference and low RSI. The P/E ratio is relatively low, suggesting undervaluation. The model indicates no clear entry signal, and the current conditions do not favor a trade.",50.65,55.74,46.0,-1.3008,1711731,0.97,40.2,13.5,2.97,-9.12,-1,0.12,0.1,0.02
Day-161,meta-llama/Llama-3.1-8B-Instruct,INTJ,memory,crash,42,0.92,stabilization,51.89,55.555942135347664,7922.392430727641,5000.0,56.31899076368551,HOLD,0.0,"The market is in a neutral state with a bearish trend, but the RSI is not oversold. The P/E ratio is relatively low, and implied volatility is high, indicating potential for volatility. The system does not indicate a clear buy or sell signal, so it's best to hold and wait for further analysis.",50.77,55.52,60.0,-1.1313,1710776,0.97,39.9,14.0,2.86,-8.56,-1,-0.01,-0.0,-0.01
Day-162,meta-llama/Llama-3.1-8B-Instruct,INTJ,memory,crash,42,0.92,stabilization,53.79,55.96948443721889,8029.398513178643,5000.0,56.31899076368551,HOLD,0.0,"The stock's trend is bearish, with the SMA20 below SMA60, and the RSI is overbought. The P/E ratio is relatively low, but the implied volatility is high, indicating potential for increased risk. The system's current holding value is $2922.39, and the cash reserve is $5000.00, so there is no compelling reason to enter or exit the trade at this time.",50.86,55.31,66.1,-0.834,1507104,0.86,39.7,14.4,2.77,-8.04,-1,0.33,0.05,0.28
Day-163,meta-llama/Llama-3.1-8B-Instruct,INTJ,memory,crash,42,0.92,stabilization,51.88,56.56878222672259,7921.829240820005,5000.0,56.31899076368551,HOLD,0.0,"The trend is bearish, with the SMA20 below SMA60, and the RSI is in the neutral zone. The P/E ratio is relatively low, indicating a potentially undervalued stock. The model should reassess the situation after a clearer trend emerges.",50.9,55.08,56.7,-0.7439,1818946,1.03,39.4,13.8,2.91,-7.58,-1,0.03,0.06,-0.03
Day-164,meta-llama/Llama-3.1-8B-Instruct,INTJ,memory,crash,42,0.92,stabilization,52.29,56.178441067546736,7944.920027033115,5000.0,56.31899076368551,HOLD,0.0,"The short-term trend is bearish, with the SMA20 below the SMA60. The RSI is above 50, indicating a possible overbought condition, and the P/E ratio is relatively high. The system suggests caution and no immediate entry.",51.01,54.82,55.5,-0.6325,1427138,0.81,39.2,14.0,2.87,-6.94,-1,0.05,0.1,-0.06
Day-165,meta-llama/Llama-3.1-8B-Instruct,INTJ,memory,crash,42,0.92,stabilization,53.18,56.680129132168894,7995.0439288127955,5000.0,56.31899076368551,HOLD,0.0,"The market is in a neutral state with a bearish trend, but the RSI is not oversold. The P/E ratio is relatively low, and implied volatility is high, indicating potential for increased price movement. The system is not indicating a clear buy or sell signal, so holding is the most logical course of action.",51.15,54.57,55.4,-0.4666,1506453,0.86,38.9,14.1,2.84,-6.26,-1,-0.11,0.06,-0.17
Day-166,meta-llama/Llama-3.1-8B-Instruct,INTJ,memory,crash,42,0.92,stabilization,51.75,56.90651959563714,7914.5077720207255,5000.0,56.31899076368551,HOLD,0.0,"The short-term trend is bearish, indicated by the negative SMA20/SMA60 crossover. The RSI is below 50, suggesting a potential oversold condition. The model is not indicating a strong buy signal, and the current market conditions do not justify an entry.",51.16,54.34,45.9,-0.4454,1562145,0.91,38.6,13.6,2.93,-5.87,-1,-0.02,0.06,-0.07
Day-167,meta-llama/Llama-3.1-8B-Instruct,INTJ,memory,crash,42,0.92,stabilization,53.09,57.33754967563439,7989.975219644064,5000.0,56.31899076368551,HOLD,0.0,"The RSI is in a neutral zone, and the trend is slightly bearish. The P/E ratio is relatively low, but the implied volatility is high. The system does not indicate a strong buy signal, and the current market conditions do not justify an entry.",51.38,54.13,53.3,-0.3172,1604445,0.93,38.4,13.9,2.88,-5.08,-1,0.09,0.01,0.08
Day-168,meta-llama/Llama-3.1-8B-Instruct,INTJ,memory,crash,42,0.92,stabilization,53.66,58.30594616696136,8022.077044379364,5000.0,56.31899076368551,HOLD,0.0,"The short-term trend is bearish, with the SMA20 below SMA60, and the RSI is above 50 but decreasing. The P/E ratio is relatively low, and implied volatility is high. The system is not indicating a strong buy signal, and the current conditions do not justify entering a new position.",51.65,53.99,59.4,-0.1673,1425260,0.84,38.1,13.8,2.9,-4.32,-1,-0.51,-0.1,-0.41
Day-169,meta-llama/Llama-3.1-8B-Instruct,INTJ,memory,crash,42,0.92,stabilization,53.69,58.20325210895993,8023.766614102275,5000.0,56.31899076368551,HOLD,0.0,"The market is in a neutral state with a bearish trend, but the RSI is not oversold. The P/E ratio is relatively low, and implied volatility is high, which could indicate a potential for volatility-driven price movements. The system should wait for a clearer signal before making a trade.",51.87,53.82,58.6,-0.0454,1335214,0.79,37.9,13.8,2.89,-3.62,-1,-0.4,-0.19,-0.21
Day-170,meta-llama/Llama-3.1-8B-Instruct,INTJ,memory,crash,42,0.92,stabilization,52.06,57.84638402678118,7931.966659157468,5000.0,56.31899076368551,HOLD,0.0,"The RSI is above 50, indicating a potential overbought condition, and the trend is negative, suggesting a possible reversal. The P/E ratio is relatively low, but the implied volatility is high, which may indicate market uncertainty. The model suggests caution and no immediate action.",51.95,53.62,59.1,-0.0797,1637168,0.98,37.6,13.5,2.96,-3.11,-1,0.22,-0.12,0.35
Day-171,meta-llama/Llama-3.1-8B-Instruct,INTJ,memory,crash,42,0.92,stabilization,52.86,57.42162681196842,7977.021851768416,5000.0,56.31899076368551,HOLD,0.0,"The current market conditions do not present a clear opportunity for alpha generation. The RSI is above 50, indicating a potential overbought condition, and the trend is negative. The system requires a more favorable setup before initiating a trade.",52.03,53.43,54.8,-0.0414,1425545,0.86,37.4,13.8,2.9,-2.61,-1,0.05,-0.11,0.16
Day-172,meta-llama/Llama-3.1-8B-Instruct,INTJ,memory,crash,42,0.92,stabilization,53.22,57.0337216694857,7997.296688443343,5000.0,56.31899076368551,HOLD,0.0,"The market is in a neutral state with a slight downtrend, but the RSI is not oversold. The P/E ratio is reasonable, and implied volatility is high, indicating potential for price movement. The system does not indicate a strong buy or sell signal at this time.",52.04,53.26,56.5,0.0172,1596867,0.97,37.1,14.0,2.86,-2.29,-1,-0.06,-0.14,0.08
Day-173,meta-llama/Llama-3.1-8B-Instruct,INTJ,memory,crash,42,0.92,stabilization,54.63,57.01517081477865,8076.7064654201395,5000.0,56.31899076368551,HOLD,0.0,"The market is neutral, with a flat trend and a moderate RSI. The P/E ratio is reasonable, but the implied volatility is high, indicating potential for increased market fluctuations. The system does not indicate a clear entry or exit opportunity at this time.",52.17,53.14,59.3,0.1756,1323655,0.82,36.9,14.4,2.78,-1.82,0,0.01,-0.04,0.04
Day-174,meta-llama/Llama-3.1-8B-Instruct,INTJ,memory,crash,42,0.92,stabilization,54.07,57.20574680218697,8045.167830592476,5000.0,56.31899076368551,HOLD,0.0,"The market is currently in a neutral state with a flat trend and moderate RSI, indicating no clear direction. The P/E ratio is relatively low, suggesting undervaluation, but the implied volatility is high, which may indicate potential for increased price movement. The system is not indicating a clear buy or sell signal, so holding is the most logical choice.",52.35,52.95,62.7,0.2529,1513915,0.95,36.6,14.2,2.82,-1.15,0,0.1,0.07,0.04
Day-175,meta-llama/Llama-3.1-8B-Instruct,INTJ,memory,crash,42,0.92,stabilization,56.0,57.36409220185198,8153.863482766388,5000.0,56.31899076368551,HOLD,0.0,"The market is in a neutral state with a flat trend and RSI at 63.5, indicating a possible overbought condition. The P/E ratio is relatively low, and implied volatility is high, suggesting potential for increased price movement. The model indicates no clear alpha-generating opportunity at this time.",52.6,52.9,63.5,0.465,1534577,0.98,36.4,14.6,2.73,-0.57,0,-0.16,-0.01,-0.15
Day-176,meta-llama/Llama-3.1-8B-Instruct,INTJ,memory,crash,42,0.92,stabilization,52.02,57.79768382636999,7929.713899526921,5000.0,56.31899076368551,HOLD,0.0,"The market is in a neutral state with a flat trend, low RSI, and low news sentiment. The system is not indicating a clear buy or sell signal, and the current holding value is $3153.86. No action is warranted at this time.",52.75,52.74,44.9,0.3083,1234571,0.79,36.1,13.5,2.96,0.0,0,-0.23,-0.07,-0.17
Day-177,meta-llama/Llama-3.1-8B-Instruct,INTJ,memory,crash,42,0.92,stabilization,54.51,57.824184772308946,8069.948186528497,5000.0,56.31899076368551,HOLD,0.0,"The market is in a neutral state with a flat trend and moderate RSI. The P/E ratio is below the historical average, indicating undervaluation. The system does not indicate a strong buy or sell signal, so it's best to hold and wait for a more favorable entry point.",52.9,52.59,57.4,0.3801,1396022,0.9,35.8,14.1,2.83,0.58,0,0.06,-0.05,0.1
Day-178,meta-llama/Llama-3.1-8B-Instruct,INTJ,memory,crash,42,0.92,stabilization,54.16,58.57095181088761,8050.236539761207,5000.0,56.31899076368551,HOLD,0.0,"The market is in a neutral state with a flat trend, and the RSI is slightly overbought. The P/E ratio is relatively low, but the implied volatility is high, indicating potential for increased market fluctuations. The system does not indicate a strong buy or sell signal, so it is best to hold and wait for further analysis.",53.04,52.47,55.3,0.4044,1266178,0.83,35.6,13.9,2.88,1.09,0,-0.29,-0.11,-0.19
Day-179,meta-llama/Llama-3.1-8B-Instruct,INTJ,memory,crash,42,0.92,stabilization,57.07,58.45862339426863,8214.124802883533,5000.0,56.31899076368551,HOLD,0.0,"The market is not presenting a clear buy signal, with the RSI at 59.8 indicating overbought conditions. The trend is neutral, and the P/E ratio is not particularly attractive. The system is not indicating a strong enough signal to warrant a trade.",53.31,52.41,59.8,0.6507,1215292,0.82,35.3,14.6,2.73,1.71,0,0.12,-0.1,0.22
Day-180,meta-llama/Llama-3.1-8B-Instruct,INTJ,memory,crash,42,0.92,stabilization,53.84,59.83870797756344,8032.214462716828,5000.0,56.31899076368551,HOLD,0.0,"The stock price is trading above its 60-day SMA, indicating a short-term uptrend. However, the RSI is above 50, suggesting overbought conditions. The model should wait for a more favorable entry point, prioritizing a long-term alpha opportunity.",53.48,52.31,54.8,0.5788,1748366,1.17,35.1,13.5,2.96,2.25,1,-0.51,-0.17,-0.34
Day-181,meta-llama/Llama-3.1-8B-Instruct,INTJ,memory,crash,42,0.92,stabilization,54.1,60.17154165144594,8046.857400315386,5000.0,56.31899076368551,HOLD,0.0,"The stock price is trading above the SMA20, but below the SMA60, indicating a neutral trend. The RSI is at 52.5, which is not oversold or overbought, suggesting a stable market condition. The system is not indicating a clear buy or sell signal, so it's best to hold the cash and wait for a more favorable entry point.",53.59,52.26,52.5,0.5365,1348146,0.92,34.8,13.5,2.97,2.54,1,0.31,-0.06,0.37
Day-182,meta-llama/Llama-3.1-8B-Instruct,INTJ,memory,crash,42,0.92,stabilization,54.08,59.7629628732378,8045.731020500112,5000.0,56.31899076368551,HOLD,0.0,"The stock price is trading above the SMA20, but below the SMA60, indicating a short-term uptrend within a longer-term downtrend. The RSI is below 55, suggesting the stock is not overbought. The Implied Volatility is high, indicating potential for increased price movement, but the model is not indicating a clear entry or exit signal.",53.61,52.26,51.1,0.496,1619249,1.1,34.6,13.6,2.95,2.59,1,0.14,-0.05,0.19
Day-183,meta-llama/Llama-3.1-8B-Instruct,INTJ,memory,crash,42,0.92,stabilization,51.32,59.24751662420724,7890.290605992341,5000.0,56.31899076368551,HOLD,0.0,"The RSI is below 50, indicating a potential buying opportunity, but the trend is neutral and the P/E ratio is relatively low. The system is not indicating a strong buy signal, and the news sentiment is bearish. The model suggests caution and patience.",53.58,52.19,44.8,0.2384,1289730,0.89,34.3,13.0,3.08,2.66,1,0.08,0.03,0.05
Day-184,meta-llama/Llama-3.1-8B-Instruct,INTJ,memory,crash,42,0.92,stabilization,53.96,59.508752831828836,8038.97274160847,5000.0,56.31899076368551,HOLD,0.0,"The stock price is near the 20-day SMA, and the RSI is above 50, indicating a potential overbought condition. The P/E ratio is relatively low, but the implied volatility is high, suggesting a potential for increased price fluctuations. The model indicates no clear entry or exit signals, so a hold position is the most logical choice.",53.66,52.21,54.0,0.2443,1522548,1.05,34.1,13.6,2.94,2.79,1,0.29,0.06,0.23
Day-185,meta-llama/Llama-3.1-8B-Instruct,INTJ,memory,crash,42,0.92,stabilization,53.52,59.41702143916591,8014.192385672449,5000.0,56.31899076368551,HOLD,0.0,"The stock's price is within the 20-day and 60-day SMA range, indicating a neutral trend. The RSI is below 60, suggesting a potential buying opportunity, but the implied volatility is high, and the news sentiment is neutral. The system's current holding value is $3038.97, and the cash reserve is $5000.00, indicating a sufficient buffer for potential market fluctuations.",53.68,52.19,51.4,0.2114,1555552,1.07,33.8,13.5,2.96,2.86,1,0.5,0.26,0.24
Day-186,meta-llama/Llama-3.1-8B-Instruct,INTJ,memory,crash,42,0.92,stabilization,55.24,59.794021686211956,8111.061049785988,5000.0,56.31899076368551,HOLD,0.0,"The market is in a neutral state with a short-term trend indicating a potential reversal. The RSI is slightly overbought, and the P/E ratio is relatively low, suggesting a balanced market. The system does not indicate a strong buy or sell signal, so holding cash is the most logical decision.",53.86,52.22,54.1,0.3198,1451797,1.0,33.6,13.9,2.89,3.14,1,0.3,0.26,0.04
Day-187,meta-llama/Llama-3.1-8B-Instruct,INTJ,memory,crash,42,0.92,stabilization,55.76,60.05064049849873,8140.346924983104,5000.0,56.31899076368551,HOLD,0.0,"The market is in a neutral state, with the SMA20/SMA60 trend indicating a slight upward bias. However, the RSI is at 52.4, which is not overbought or oversold, and the P/E ratio is relatively low at 13.9. The model suggests caution and no immediate action is warranted.",53.99,52.3,52.4,0.4428,1371934,0.95,33.3,13.9,2.87,3.23,1,-0.55,0.12,-0.68
Day-188,meta-llama/Llama-3.1-8B-Instruct,INTJ,memory,crash,42,0.92,stabilization,58.05,60.03422604217029,8269.317413831945,5000.0,56.31899076368551,HOLD,0.0,"The stock price is above the SMA20 and SMA60, indicating a short-term uptrend. However, the RSI is slightly overbought, and the news sentiment is negative, suggesting potential for a correction. The system's analysis indicates no clear buy signal, and the current position is not aligned with the long-term strategy.",54.21,52.43,57.8,0.7165,1328556,0.93,33.1,14.5,2.76,3.39,1,-0.38,0.03,-0.42
Day-189,meta-llama/Llama-3.1-8B-Instruct,INTJ,memory,crash,42,0.92,stabilization,56.29,59.630829183136086,8170.195990087857,5000.0,56.31899076368551,HOLD,0.0,"The current market conditions do not provide a clear indication for a trade. The RSI is at 50.6, indicating a neutral market sentiment, and the trend is flat with a slight downward bias. The model requires more data to generate a trade signal.",54.34,52.5,50.6,0.7824,1283915,0.9,32.8,14.2,2.83,3.5,1,-0.19,-0.06,-0.12
Day-190,meta-llama/Llama-3.1-8B-Instruct,INTJ,memory,crash,42,0.92,stabilization,53.32,58.893405570793156,8002.928587519711,5000.0,56.31899076368551,HOLD,0.0,"The price is above the 20-day SMA and below the 60-day SMA, indicating a neutral trend. The RSI is slightly above the midpoint, suggesting a slight upward momentum. The system does not indicate a strong buy or sell signal, and the current setup does not align with the system's criteria for entry.",54.4,52.57,52.7,0.5882,1588897,1.11,32.5,13.6,2.95,3.49,1,0.01,-0.16,0.17
Day-191,meta-llama/Llama-3.1-8B-Instruct,INTJ,memory,crash,42,0.92,stabilization,52.65,58.69014809475964,7965.194863708042,5000.0,56.31899076368551,HOLD,0.0,"The RSI is below 50, indicating a potential oversold condition, but the trend is still slightly bearish. The P/E ratio is relatively low, suggesting undervaluation. The system's analysis indicates no clear buy signal.",54.39,52.63,45.9,0.376,1523257,1.06,32.3,13.5,2.97,3.35,1,0.16,-0.19,0.35
Day-192,meta-llama/Llama-3.1-8B-Instruct,INTJ,memory,crash,42,0.92,stabilization,55.15,59.13834749192138,8105.992340617257,5000.0,56.31899076368551,HOLD,0.0,"The market is currently in a neutral state with a bearish trend (SMA20/60) and a moderate RSI. The P/E ratio is below the historical average, indicating undervaluation. The system does not indicate a clear entry point, thus a hold position is the most logical choice.",54.49,52.69,52.0,0.4047,1583022,1.1,32.0,14.0,2.86,3.4,1,-0.22,-0.13,-0.09
Day-193,meta-llama/Llama-3.1-8B-Instruct,INTJ,memory,crash,42,0.92,stabilization,52.54,59.26539436398649,7958.999774724037,5000.0,56.31899076368551,HOLD,0.0,"The RSI is below 50, indicating a potential buying opportunity, but the trend is slightly bearish and the P/E ratio is relatively low, suggesting a neutral stance. The model should be re-evaluated for a potential entry signal when the trend and RSI align more favorably. For now, it is best to hold cash and wait for a more favorable setup.",54.38,52.72,40.7,0.2151,1125157,0.79,31.8,13.3,3.01,3.15,1,0.06,-0.04,0.09
Day-194,meta-llama/Llama-3.1-8B-Instruct,INTJ,memory,crash,42,0.92,stabilization,56.72,58.66252497463049,8194.413156116243,5000.0,56.31899076368551,HOLD,0.0,"The stock price is above the 20-day SMA but below the 60-day SMA, indicating a neutral trend. The RSI is at 55.7, which is not overbought or oversold. The model suggests a wait-and-see approach to allow for further trend confirmation.",54.51,52.85,55.7,0.3969,1434862,1.01,31.5,14.5,2.76,3.14,1,-0.23,-0.05,-0.18
Day-195,meta-llama/Llama-3.1-8B-Instruct,INTJ,memory,crash,42,0.92,stabilization,55.84,58.76911543755608,8144.852444244199,5000.0,56.31899076368551,HOLD,0.0,"The market is currently in a neutral state, with the SMA20 and SMA60 trending downwards but not strongly, and the RSI at 53.4, indicating a balanced market. The P/E ratio is relatively low at 14.3, and implied volatility is high at 31.3%. The system does not indicate a strong buy or sell signal, and the news sentiment is negative, which aligns with the system's expectation of a neutral market.",54.51,52.96,53.4,0.4647,1531423,1.08,31.3,14.3,2.81,2.91,1,-0.18,-0.08,-0.1
Day-196,meta-llama/Llama-3.1-8B-Instruct,INTJ,memory,crash,42,0.92,stabilization,53.56,58.9817741274205,8016.445145302996,5000.0,56.31899076368551,HOLD,0.0,"The market is currently in a neutral state, with the RSI at 49.1 and the trend indicators showing a slight divergence. The P/E ratio is relatively low at 13.6, indicating potential undervaluation. The model suggests a wait-and-see approach before making any adjustments.",54.58,53.0,49.1,0.3308,1127586,0.8,31.0,13.6,2.94,2.98,1,-0.42,-0.2,-0.22
Day-197,meta-llama/Llama-3.1-8B-Instruct,INTJ,memory,crash,42,0.92,stabilization,51.31,58.559845409319934,7889.727416084704,5000.0,56.31899076368551,HOLD,0.0,"The RSI is at 50.0, indicating a neutral market condition. The trend is still upward, but the P/E ratio is relatively low, suggesting a potentially undervalued market. The system is not indicating a clear buy or sell signal, so holding is the most logical decision.",54.42,53.05,50.0,0.0423,1059517,0.76,30.8,13.1,3.04,2.58,1,-0.28,-0.21,-0.07
Day-198,meta-llama/Llama-3.1-8B-Instruct,INTJ,memory,crash,42,0.92,stabilization,55.99,58.6567079622927,8153.300292858752,5000.0,56.31899076368551,HOLD,0.0,"The stock price is trading above the SMA20, but below the SMA60, indicating a neutral trend. The RSI is at 53.4, which is not in overbought or oversold territory. The system does not indicate a strong buy or sell signal, so holding is the most logical decision.",54.51,53.21,53.4,0.19,1393790,0.99,30.5,14.3,2.79,2.45,1,-0.41,-0.3,-0.1
Day-199,meta-llama/Llama-3.1-8B-Instruct,INTJ,memory,crash,42,0.92,stabilization,53.84,58.705812321515694,8032.214462716828,5000.0,56.31899076368551,HOLD,0.0,"The market is in a neutral state with the RSI at 50.5 and the trend indicators showing a flat line. The P/E ratio is reasonable at 13.8, and the implied volatility is high at 30.3%. The system does not indicate a strong buy or sell signal, so it's best to hold and wait for a clearer opportunity.",54.35,53.3,50.5,0.1313,1298145,0.92,30.3,13.8,2.91,1.97,0,-0.29,-0.32,0.02
Day-200,meta-llama/Llama-3.1-8B-Instruct,INTJ,memory,crash,42,0.92,stabilization,55.36,58.15432717260038,8117.8193286776295,5000.0,56.31899076368551,HOLD,0.0,"The market is in a neutral state with the RSI at 50.2, and the trend indicators (SMA20/60) are not conclusive. The P/E ratio is relatively low, but the implied volatility is high, indicating potential for increased market fluctuations. The system does not currently see a clear opportunity for alpha generation, so it is best to hold cash and wait for a more favorable setup.",54.43,53.4,50.2,0.2053,1420914,1.02,30.0,14.3,2.8,1.93,0,0.32,-0.22,0.53
